0,265382,0.260328247727
501,65040,0.0638014229758
803,38404,0.037672660639
807,28627,0.0280818471022
504,27531,0.0270067185724
511,26082,0.0255853123317
602,25847,0.0253547875101
506,20969,0.0205696807869
623,19833,0.0194553139895
524,17135,0.0168086928458
618,16599,0.0162829000611
819,14107,0.0138383559951
505,12726,0.0124836548092
753,11608,0.0113869452322
613,11022,0.0108121046131
539,10940,0.0107316661647
534,10568,0.0103667502769
528,10453,0.0102539402578
751,10336,0.0101391683253
510,10093,0.00990079585016
560,8969,0.00879820053305
517,8409,0.00824886478787
609,7457,0.00731499402107
770,7456,0.00731401306438
535,7377,0.00723651748604
862,7246,0.00710801215994
508,7122,0.00698637353065
616,6878,0.00674702009882
512,6843,0.00671268661475
820,6796,0.00666658165042
825,6605,0.00647921892305
533,6477,0.00635365646701
515,5987,0.00587298768997
527,5943,0.00582982559571
617,5754,0.00564442478171
659,5579,0.00547275736134
839,5412,0.00530893759448
635,5135,0.00503721259195
641,4704,0.0046144202595
548,4515,0.0044290194455
566,4470,0.00438487639455
567,4457,0.00437212395761
514,4387,0.00430345698946
544,4107,0.00402878911687
532,3935,0.00386006456657
521,3875,0.0038012071653
556,3847,0.00377374037804
563,3817,0.00374431167741
518,3730,0.00365896844557
630,3681,0.00361090156786
529,3602,0.00353340598953
622,3590,0.00352163450927
542,3571,0.0035029963322
650,3429,0.00336370048253
561,3392,0.00332740508508
571,3212,0.00315083288128
790,3203,0.00314200427109
538,3150,0.00309001356663
640,3044,0.00298603215772
500,3016,0.00295856537046
577,2956,0.00289970796919
744,2868,0.00281338378067
541,2818,0.00276433594627
555,2803,0.00274962159596
652,2802,0.00274864063927
671,2784,0.00273098341889
686,2752,0.00269959280488
557,2596,0.00254656356158
679,2573,0.00252400155776
693,2496,0.0024484678928
669,2423,0.00237685805459
789,2349,0.00230426725969
547,2251,0.00220813350428
546,2224,0.00218164767371
678,2222,0.00217968576033
564,2218,0.00217576193358
658,2212,0.00216987619346
866,2132,0.00209139965843
513,2037,0.00199820877309
752,1994,0.00195602763551
619,1944,0.00190697980112
573,1915,0.00187853205717
625,1905,0.0018687224903
881,1894,0.00185793196673
523,1863,0.00182752230941
757,1860,0.00182457943934
637,1858,0.00182261752597
716,1845,0.00180986508903
575,1815,0.00178043638839
648,1794,0.00175983629795
588,1737,0.00170392176674
507,1736,0.00170294081005
691,1660,0.00162838810178
810,1595,0.00156462591707
551,1589,0.00155874017694
543,1584,0.00155383539351
519,1525,0.00149595894892
675,1522,0.00149301607886
722,1487,0.00145868259479
670,1486,0.0014577016381
682,1463,0.00143513963428
574,1452,0.00142434911071
612,1451,0.00142336815403
531,1409,0.00138216797314
811,1403,0.00137628223301
632,1401,0.00137432031963
718,1384,0.00135764405594
604,1377,0.00135077735913
545,1353,0.00132723439862
530,1353,0.00132723439862
702,1346,0.0013203677018
570,1328,0.00130271048142
801,1312,0.00128701517442
724,1310,0.00128505326104
509,1286,0.00126151030054
855,1281,0.0012566055171
725,1273,0.00124875786359
800,1225,0.00120167194258
649,1217,0.00119382428908
636,1174,0.0011516431515
520,1167,0.00114477645469
765,1129,0.00110750010055
503,1090,0.00106924278972
522,1087,0.00106629991966
536,1080,0.00105943322284
709,1065,0.00104471887253
828,1058,0.00103785217571
642,1057,0.00103687121903
550,1039,0.00101921399864
698,1025,0.00100548060501
605,957,0.000938775550243
592,943,0.000925042156614
687,917,0.00089953728273
705,899,0.00088188006235
743,898,0.000880899105662
502,897,0.000879918148974
804,896,0.000878937192286
610,892,0.000875013365535
540,890,0.000873051452159
516,860,0.000843622751525
611,848,0.000831851271271
868,847,0.000830870314583
584,774,0.000759260476372
576,773,0.000758279519684
525,765,0.000750431866182
628,753,0.000738660385928
676,744,0.000729831775738
651,733,0.000719041252172
634,729,0.00071511742542
526,724,0.000710212641981
600,713,0.000699422118415
624,704,0.000690593508225
692,703,0.000689612551537
813,697,0.00068372681141
633,688,0.00067489820122
656,619,0.00060721218976
762,616,0.000604269319697
758,580,0.000568954878935
581,574,0.000563069138808
746,573,0.00056208818212
764,571,0.000560126268745
627,547,0.000536583308237
736,546,0.000535602351549
603,536,0.000525792784671
549,533,0.000522849914608
582,525,0.000515002261105
657,513,0.000503230780851
598,513,0.000503230780851
606,506,0.000496364084037
569,505,0.000495383127349
537,500,0.00049047834391
554,487,0.000477725906968
565,486,0.00047674495028
673,484,0.000474783036905
756,479,0.000469878253465
773,473,0.000463992513339
559,444,0.000435544769392
644,436,0.000427697115889
553,436,0.000427697115889
643,429,0.000420830419075
759,421,0.000412982765572
662,405,0.000397287458567
737,361,0.000354125364303
771,360,0.000353144407615
754,337,0.000330582403795
717,318,0.000311944226727
597,312,0.0003060584866
734,308,0.000302134659848
821,299,0.000293306049658
639,279,0.000273686915902
710,266,0.00026093447896
558,264,0.000258972565584
767,262,0.000257010652209
755,239,0.000234448648389
802,235,0.000230524821638
749,232,0.000227581951574
661,221,0.000216791428008
760,220,0.00021581047132
638,200,0.000196191337564
745,189,0.000185400813998
647,179,0.00017559124712
711,174,0.000170686463681
596,158,0.000154991156675
766,152,0.000149105416549
626,147,0.000144200633109
631,144,0.000141257763046
740,115,0.000112810019099
552,99,9.71147120941e-05
747,95,9.31908853428e-05
583,54,5.29716611422e-05
798,13,1.27524369417e-05
None,0,0.0
