0,181270,0.177532410169
2,167015,0.163571332732
3,160219,0.156915458845
1,157449,0.154202573226
4,140337,0.137443404015
5,103024,0.100899757407
6,63163,0.0618606477822
7,22588,0.022122260059
8,11807,0.0115635525286
9,7642,0.00748443028912
10,2719,0.00266293718348
11,2335,0.00228685484495
12,733,0.000717886338907
13,402,0.000393711198145
14,85,8.32473926427e-05
16,55,5.38659599453e-05
15,52,5.09278166755e-05
17,23,2.2525765068e-05
18,21,2.05670028882e-05
22,16,1.56700974386e-05
19,14,1.37113352588e-05
20,13,1.27319541689e-05
21,11,1.07731919891e-05
25,10,9.79381089914e-06
23,8,7.83504871931e-06
27,7,6.8556676294e-06
24,5,4.89690544957e-06
32,3,2.93814326974e-06
26,3,2.93814326974e-06
33,2,1.95876217983e-06
36,2,1.95876217983e-06
43,2,1.95876217983e-06
28,2,1.95876217983e-06
29,2,1.95876217983e-06
40,2,1.95876217983e-06
45,2,1.95876217983e-06
53,1,9.79381089914e-07
66,1,9.79381089914e-07
76,1,9.79381089914e-07
30,1,9.79381089914e-07
31,1,9.79381089914e-07
47,1,9.79381089914e-07
48,1,9.79381089914e-07
58,1,9.79381089914e-07
73,1,9.79381089914e-07
132,1,9.79381089914e-07
