2,291161,0.440269822356
3,172807,0.261304595025
1,86131,0.130240245326
4,61862,0.0935426508035
5,28972,0.0438090860153
6,6636,0.0100344158083
7,3473,0.0052515862119
9,1644,0.00248592218035
8,1439,0.00217593796687
14,1102,0.00166635416226
10,996,0.00150606964211
11,948,0.00143348797261
12,767,0.00115979459388
15,556,0.000840737671701
33,423,0.000639625962463
41,387,0.000585189710339
16,275,0.000415832481507
13,237,0.000358371993153
39,231,0.000349299284466
29,170,0.000257060079477
40,114,0.000172381465061
26,114,0.000172381465061
17,113,0.000170869346946
21,106,0.000160284520144
19,53,8.01422600722e-05
24,50,7.56059057285e-05
36,50,7.56059057285e-05
30,50,7.56059057285e-05
18,45,6.80453151557e-05
46,44,6.65331970411e-05
1000,40,6.04847245828e-05
22,35,5.292413401e-05
23,29,4.38514253225e-05
28,23,3.47787166351e-05
37,20,3.02423622914e-05
60,19,2.87302441768e-05
32,14,2.1169653604e-05
27,14,2.1169653604e-05
25,14,2.1169653604e-05
65,13,1.96575354894e-05
34,13,1.96575354894e-05
51,13,1.96575354894e-05
20,13,1.96575354894e-05
42,10,1.51211811457e-05
35,9,1.36090630311e-05
43,9,1.36090630311e-05
57,9,1.36090630311e-05
38,8,1.20969449166e-05
66,8,1.20969449166e-05
31,7,1.0584826802e-05
117,5,7.56059057285e-06
136,5,7.56059057285e-06
102,5,7.56059057285e-06
45,4,6.04847245828e-06
44,4,6.04847245828e-06
64,4,6.04847245828e-06
52,3,4.53635434371e-06
49,2,3.02423622914e-06
134,2,3.02423622914e-06
48,2,3.02423622914e-06
61,2,3.02423622914e-06
73,2,3.02423622914e-06
133,1,1.51211811457e-06
83,1,1.51211811457e-06
90,1,1.51211811457e-06
124,1,1.51211811457e-06
56,1,1.51211811457e-06
68,1,1.51211811457e-06
79,1,1.51211811457e-06
96,1,1.51211811457e-06
None,0,0.0
