CA,90565,0.0886976484081
TX,58580,0.0573721442472
NY,57749,0.0565582785614
ZZ,53758,0.0526495686316
FL,48094,0.0471023541383
IL,31995,0.0313352979718
PA,31892,0.0312344217195
OH,30211,0.0295880821074
NJ,27587,0.0270181861275
NC,24882,0.0243689602792
VA,23795,0.0233043730345
GA,23755,0.0232651977909
MI,22318,0.0218578271647
H9,20937,0.0205053018795
MA,20770,0.0203417452375
WA,17934,0.0175642204665
MD,15192,0.014878757518
MO,14438,0.0141403041762
AZ,14401,0.0141040670759
CO,14041,0.0137514898835
WI,13295,0.0130208715904
TN,13134,0.0128631912349
MN,12879,0.012613449057
IN,12750,0.0124871088964
LA,9320,0.009127831758
SC,9253,0.00906221322497
CT,9251,0.00906025446279
07,9144,0.00895546068617
OR,9102,0.0089143266804
AL,8730,0.00854999691495
KY,8708,0.00852845053097
DE,8025,0.00785953324656
02,7737,0.00757747149266
UT,7429,0.00727582211697
OK,7373,0.00722097677594
NV,6994,0.00684979134286
ON,6930,0.0067871109531
IA,6512,0.00637772965752
KS,6416,0.00628370907289
04,5914,0.00579205976575
AR,4953,0.00485087453834
DC,4816,0.00471669932903
QC,4391,0.00430046236581
NE,4368,0.00427793660074
MS,3831,0.00375200895546
NH,3671,0.00359530798107
NM,3508,0.00343566886342
WV,3494,0.00342195752816
ME,3456,0.00338474104674
08,3157,0.00309190610086
ID,3093,0.0030292257111
05,3063,0.00299984427841
00,3020,0.00295773089154
HI,2875,0.0028157206335
RI,2722,0.00266587532675
I2,2581,0.00252778259307
A7,2520,0.00246804034658
01,2430,0.00237989604849
N7,2073,0.00203025699939
V2,1944,0.00190391683879
A8,1893,0.00185396840321
F8,1893,0.00185396840321
06,1876,0.00183731892468
MT,1864,0.0018255663516
H3,1850,0.00181185501634
B7,1835,0.00179716429999
ND,1803,0.00176582410512
L9,1789,0.00175211276986
F2,1780,0.00174329834005
BC,1711,0.00167572104484
H2,1690,0.00165515404195
09,1671,0.00163654580125
G5,1667,0.00163262827689
AB,1663,0.00162871075253
J8,1661,0.00162675199035
SD,1647,0.00161304065509
H8,1601,0.00156798912495
E4,1576,0.0015435045977
16,1528,0.00149649430539
VT,1457,0.001426958248
C3,1440,0.00141030876948
03,1425,0.00139561805313
11,1407,0.00137798919351
U8,1398,0.0013691747637
27,1397,0.00136819538261
26,1350,0.00132216447138
H4,1337,0.00130943251722
I9,1319,0.0012918036576
21,1295,0.00126829851144
K2,1293,0.00126633974926
40,1277,0.00125066965182
15,1268,0.00124185522201
17,1256,0.00123010264893
E6,1230,0.00120463874059
AK,1188,0.00116350473482
B4,1146,0.00112237072904
null,1143,0.00111943258577
P6,1132,0.00110865939378
J1,1106,0.00108319548544
18,1100,0.00107731919891
WY,1083,0.00106066972038
B9,1043,0.00102149447678
I7,1035,0.00101365942806
M3,1023,0.00100190685498
12,1015,0.000994071806263
M4,965,0.000945102751767
14,963,0.000943143989587
B6,915,0.000896133697271
10,914,0.000895154316181
N5,907,0.000888298648552
13,904,0.000885360505282
D9,897,0.000878504837653
N4,890,0.000871649170023
20,880,0.000861855359124
H7,858,0.000840308975146
D4,851,0.000833453307517
K7,841,0.000823659496618
I6,819,0.00080211311264
C5,814,0.00079721620719
19,803,0.000786443015201
R3,798,0.000781546109751
X5,785,0.000768814155583
Q3,776,0.000759999725773
Q4,750,0.000734535817436
C8,737,0.000721803863267
B8,713,0.000698298717109
P3,683,0.000668917284411
25,677,0.000663040997872
N1,671,0.000657164711332
28,647,0.000633659565174
G6,616,0.000603298751387
C7,609,0.000596443083758
V1,609,0.000596443083758
P8,600,0.000587628653948
23,598,0.000585669891769
T5,588,0.000575876080869
K4,588,0.000575876080869
B2,583,0.00057097917542
J9,556,0.000544535885992
Z1,548,0.000536700837273
Q5,544,0.000532783312913
NS,542,0.000530824550733
30,537,0.000525927645284
29,536,0.000524948264194
I3,529,0.000518092596565
G1,520,0.000509278166755
D8,520,0.000509278166755
N6,516,0.000505360642396
34,512,0.000501443118036
F9,511,0.000500463736946
MB,508,0.000497525593676
C6,507,0.000496546212586
C9,505,0.000494587450407
G7,490,0.000479896734058
K3,487,0.000476958590788
G8,486,0.000475979209698
E2,486,0.000475979209698
M1,485,0.000474999828608
A2,483,0.000473041066428
D3,483,0.000473041066428
F4,470,0.00046030911226
A4,466,0.0004563915879
NB,461,0.00045149468245
K6,458,0.000448556539181
N2,449,0.000439742109371
P7,448,0.000438762728281
H5,445,0.000435824585012
B5,430,0.000421133868663
A9,429,0.000420154487573
M9,426,0.000417216344303
K8,423,0.000414278201034
I1,422,0.000413298819944
D2,416,0.000407422533404
D7,415,0.000406443152314
J7,396,0.000387834911606
L3,389,0.000380979243977
B1,383,0.000375102957437
D6,382,0.000374123576347
51,379,0.000371185433077
P9,379,0.000371185433077
56,374,0.000366288527628
A1,363,0.000355515335639
SK,362,0.000354535954549
A3,361,0.000353556573459
B3,359,0.000351597811279
L1,357,0.000349639049099
O8,354,0.00034670090583
K1,335,0.000328092665121
22,318,0.000311443186593
K9,315,0.000308505043323
U3,314,0.000307525662233
O7,312,0.000305566900053
N8,306,0.000299690613514
L7,306,0.000299690613514
X4,301,0.000294793708064
E5,297,0.000290876183704
A5,293,0.000286958659345
P2,292,0.000285979278255
Y9,292,0.000285979278255
N3,279,0.000273247324086
E7,272,0.000266391656457
L2,269,0.000263453513187
I4,261,0.000255618464468
D5,258,0.000252680321198
F6,257,0.000251700940108
K5,249,0.000243865891389
J5,246,0.000240927748119
C1,241,0.000236030842669
Y6,239,0.000234072080489
Z4,238,0.0002330926994
V8,237,0.00023211331831
97,235,0.00023015455613
A6,232,0.00022721641286
32,229,0.00022427826959
Y4,229,0.00022427826959
O2,225,0.000220360745231
NL,214,0.000209587553242
J2,210,0.000205670028882
24,209,0.000204690647792
60,208,0.000203711266702
L6,208,0.000203711266702
M7,204,0.000199793742342
N9,204,0.000199793742342
M2,199,0.000194896836893
42,199,0.000194896836893
E3,191,0.000187061788174
J6,190,0.000186082407084
O3,183,0.000179226739454
U9,183,0.000179226739454
F7,179,0.000175309215095
G2,178,0.000174329834005
Z7,178,0.000174329834005
C2,171,0.000167474166375
31,169,0.000165515404195
AE,168,0.000164536023106
J3,167,0.000163556642016
53,163,0.000159639117656
W9,162,0.000158659736566
E9,159,0.000155721593296
Q1,158,0.000154742212206
W1,156,0.000152783450027
P4,154,0.000150824687847
Y5,154,0.000150824687847
O1,147,0.000143969020217
M5,145,0.000142010258038
X7,145,0.000142010258038
Y1,145,0.000142010258038
W5,143,0.000140051495858
U4,140,0.000137113352588
Z5,138,0.000135154590408
78,138,0.000135154590408
E1,125,0.000122422636239
W2,122,0.00011948449297
35,119,0.0001165463497
Q2,119,0.0001165463497
44,118,0.00011556696861
L5,117,0.00011458758752
52,115,0.00011262882534
Y7,114,0.00011164944425
58,113,0.00011067006316
D1,113,0.00011067006316
48,112,0.00010969068207
X3,111,0.00010871130098
O4,107,0.000104793776621
55,106,0.000103814395531
59,106,0.000103814395531
Z8,102,9.98968711712e-05
O6,102,9.98968711712e-05
S5,98,9.59793468116e-05
38,96,9.40205846317e-05
W4,95,9.30412035418e-05
R8,94,9.20618224519e-05
V3,93,9.1082441362e-05
W6,89,8.71649170023e-05
V7,89,8.71649170023e-05
Z3,88,8.61855359124e-05
J4,87,8.52061548225e-05
PE,86,8.42267737326e-05
ERROR,85,8.32473926427e-05
Z6,84,8.22680115528e-05
39,81,7.9329868283e-05
S6,80,7.83504871931e-05
F5,79,7.73711061032e-05
L8,79,7.73711061032e-05
Y8,77,7.54123439234e-05
W7,76,7.44329628335e-05
98,74,7.24742006536e-05
G9,72,7.05154384738e-05
99,72,7.05154384738e-05
37,71,6.95360573839e-05
54,68,6.65979141142e-05
T6,67,6.56185330242e-05
83,67,6.56185330242e-05
Y3,66,6.46391519343e-05
X9,65,6.36597708444e-05
V4,64,6.26803897545e-05
X6,62,6.07216275747e-05
T2,59,5.77834843049e-05
68,58,5.6804103215e-05
36,57,5.58247221251e-05
45,57,5.58247221251e-05
X1,57,5.58247221251e-05
77,56,5.48453410352e-05
47,55,5.38659599453e-05
50,53,5.19071977654e-05
57,53,5.19071977654e-05
61,53,5.19071977654e-05
33,51,4.99484355856e-05
86,49,4.79896734058e-05
T8,48,4.70102923159e-05
T9,48,4.70102923159e-05
46,46,4.5051530136e-05
81,46,4.5051530136e-05
X8,46,4.5051530136e-05
72,45,4.40721490461e-05
X2,45,4.40721490461e-05
S9,44,4.30927679562e-05
V5,43,4.21133868663e-05
T1,42,4.11340057764e-05
L4,41,4.01546246865e-05
T7,40,3.91752435966e-05
AP,40,3.91752435966e-05
73,39,3.81958625066e-05
Z2,38,3.72164814167e-05
66,38,3.72164814167e-05
65,36,3.52577192369e-05
R6,36,3.52577192369e-05
U2,34,3.32989570571e-05
80,34,3.32989570571e-05
U6,33,3.23195759672e-05
Y2,33,3.23195759672e-05
82,32,3.13401948772e-05
R4,32,3.13401948772e-05
F1,31,3.03608137873e-05
41,31,3.03608137873e-05
Q6,30,2.93814326974e-05
V6,29,2.84020516075e-05
Q7,26,2.54639083378e-05
84,26,2.54639083378e-05
75,26,2.54639083378e-05
43,25,2.44845272479e-05
71,25,2.44845272479e-05
U1,24,2.35051461579e-05
Q9,24,2.35051461579e-05
62,23,2.2525765068e-05
76,23,2.2525765068e-05
87,23,2.2525765068e-05
O9,22,2.15463839781e-05
P5,21,2.05670028882e-05
S1,21,2.05670028882e-05
P1,20,1.95876217983e-05
85,19,1.86082407084e-05
74,19,1.86082407084e-05
R2,18,1.76288596185e-05
91,16,1.56700974386e-05
S7,16,1.56700974386e-05
49,16,1.56700974386e-05
Q8,16,1.56700974386e-05
M6,15,1.46907163487e-05
67,15,1.46907163487e-05
88,14,1.37113352588e-05
R7,14,1.37113352588e-05
R9,14,1.37113352588e-05
YT,13,1.27319541689e-05
T3,13,1.27319541689e-05
H1,10,9.79381089914e-06
64,9,8.81442980923e-06
79,9,8.81442980923e-06
70,9,8.81442980923e-06
F3,9,8.81442980923e-06
63,8,7.83504871931e-06
W8,8,7.83504871931e-06
I8,8,7.83504871931e-06
E8,7,6.8556676294e-06
H6,7,6.8556676294e-06
NU,7,6.8556676294e-06
90,6,5.87628653948e-06
S2,6,5.87628653948e-06
S3,6,5.87628653948e-06
U5,5,4.89690544957e-06
69,5,4.89690544957e-06
W3,5,4.89690544957e-06
G3,4,3.91752435966e-06
S4,4,3.91752435966e-06
NT,4,3.91752435966e-06
C4,3,2.93814326974e-06
89,3,2.93814326974e-06
T4,3,2.93814326974e-06
AA,2,1.95876217983e-06
O5,2,1.95876217983e-06
V9,1,9.79381089914e-07
R5,1,9.79381089914e-07
92,1,9.79381089914e-07
G4,1,9.79381089914e-07
93,1,9.79381089914e-07
