25000,290081,0.294216805637
100000,137357,0.139315355959
35000,132144,0.134028032046
15000,107401,0.10893226079
45000,77279,0.07838079889
55000,53605,0.0543692688117
75000,40470,0.0410469976459
65000,39560,0.0401240233969
85000,29558,0.029979420717
300000,24300,0.024646455221
9500,10141,0.0102855844608
8500,9315,0.00944780783473
6500,6809,0.00690607874897
5500,6010,0.00609568707319
7500,5873,0.00595673380713
500000,4404,0.00446678966228
5000000,4165,0.00422438213974
700000,2725,0.00276385145997
4500,2361,0.00239466176037
3500,973,0.000986872466258
900000,577,0.000585226529323
2500,373,0.000378318016356
875,358,0.000363104155108
1375,60,6.08554449902e-05
625,41,4.15845540767e-05
1875,2,2.02851483301e-06
1625,1,1.0142574165e-06
None,0,0.0
