0,219346,0.250891031125
501,54933,0.0628331358348
803,27693,0.031675641794
504,25422,0.0290780401433
602,23426,0.0267949873494
511,22548,0.0257907186355
524,17928,0.02050629784
506,17742,0.0202935484314
807,17538,0.0200602103703
623,16910,0.0193418951626
618,14591,0.0166893904386
819,10797,0.0123497600278
505,10638,0.0121678935978
613,10312,0.0117950102257
753,10110,0.0115639597926
539,10038,0.0114816051829
751,9893,0.0113157521492
534,9697,0.0110915646003
510,9336,0.0106786477373
560,8726,0.00998092118206
528,8076,0.00923744206582
609,7656,0.00875704017532
517,7506,0.00858546807158
508,7208,0.00824461149213
616,6992,0.00799754766273
512,6841,0.00782483174496
535,6717,0.00768299880586
533,6116,0.00699556657684
515,5852,0.00669359967424
820,5512,0.00630470290575
770,5476,0.00626352560085
617,5405,0.00618231480507
862,5286,0.0060462009361
825,5251,0.00600616744522
659,5157,0.00589864892687
527,4999,0.00571792631093
635,4677,0.00534961819488
567,4470,0.00511284869171
641,4376,0.00500533017336
566,4235,0.00484405239583
544,4052,0.00463473442926
548,4021,0.00459927619448
839,4010,0.00458669424021
514,3781,0.00432476082849
518,3645,0.00416920212109
556,3495,0.00399763001734
521,3431,0.00392442591974
532,3303,0.00377801772454
563,3295,0.00376886721234
630,3181,0.00363847241349
542,3094,0.00353896059332
529,3081,0.00352409101099
650,3038,0.00347490700792
561,2940,0.00336281323347
571,2836,0.00324385657487
577,2811,0.00321526122425
640,2771,0.00316950866325
538,2731,0.00312375610225
790,2675,0.00305970251685
500,2597,0.0029704850229
555,2572,0.00294188967227
622,2544,0.00290986287957
541,2499,0.00285839124845
557,2471,0.00282636445575
652,2426,0.00277489282463
671,2358,0.00269711347093
669,2326,0.00266051142213
679,2303,0.00263420369955
658,2155,0.00246491922385
686,2112,0.00241573522078
789,2112,0.00241573522078
546,2075,0.00237341410185
564,2048,0.00234253112318
744,2035,0.00232766154085
693,2019,0.00230936051645
678,2016,0.00230592907438
573,1954,0.00223501260483
547,1909,0.00218354097371
625,1899,0.00217210283346
752,1890,0.00216180850723
513,1785,0.00204170803461
637,1777,0.00203255752241
575,1767,0.00202111938216
619,1766,0.00201997556813
523,1765,0.00201883175411
648,1646,0.00188271788513
574,1623,0.00185641016256
675,1569,0.00179464420521
588,1563,0.00178778132106
881,1539,0.00176032978446
691,1523,0.00174202876006
866,1511,0.00172830299176
551,1502,0.00171800866554
543,1473,0.00168483805881
722,1468,0.00167911898869
507,1456,0.00166539322039
757,1427,0.00163222261366
545,1416,0.00161964065939
682,1408,0.00161049014719
810,1394,0.00159447675084
716,1393,0.00159333293681
519,1368,0.00156473758619
632,1315,0.00150411544286
612,1274,0.00145721906784
531,1255,0.00143548660136
702,1242,0.00142061701904
530,1229,0.00140574743671
670,1216,0.00139087785439
725,1208,0.00138172734219
724,1189,0.00135999487571
636,1188,0.00135885106169
570,1173,0.00134169385131
649,1170,0.00133826240924
718,1154,0.00131996138484
811,1152,0.00131767375679
509,1122,0.00128335933604
801,1040,0.00118956658599
765,1021,0.00116783411951
855,1016,0.00116211504939
550,1002,0.00114610165304
503,996,0.00113923876889
536,993,0.00113580732682
520,991,0.00113351969877
522,949,0.00108547950972
604,943,0.00107861662557
709,938,0.00107289755544
605,918,0.00105002127494
687,878,0.00100426871394
705,872,0.000997405829791
642,870,0.000995118201741
516,850,0.000972241921242
502,839,0.000959659966967
743,835,0.000955084710867
610,828,0.000947078012692
540,828,0.000947078012692
592,823,0.000941358942567
828,815,0.000932208430367
584,806,0.000921914104142
698,788,0.000901325451692
804,783,0.000895606381567
611,721,0.000824689912018
600,715,0.000817827027868
800,700,0.000800669817493
576,698,0.000798382189443
633,691,0.000790375491268
624,678,0.000775505908943
634,674,0.000770930652843
868,672,0.000768643024793
651,660,0.000754917256493
526,630,0.000720602835744
676,630,0.000720602835744
525,609,0.000696582741219
692,608,0.000695438927194
581,554,0.000633672969844
656,554,0.000633672969844
569,537,0.00061422813142
673,533,0.00060965287532
603,518,0.000592495664945
764,505,0.00057762608262
762,504,0.000576482268595
628,501,0.00057305082652
627,499,0.00057076319847
813,494,0.000565044128345
559,490,0.000560468872245
582,477,0.00054559928992
598,473,0.00054102403382
662,461,0.00052729826552
549,452,0.000517003939296
756,448,0.000512428683196
773,447,0.000511284869171
657,446,0.000510141055146
565,444,0.000507853427096
736,442,0.000505565799046
758,439,0.000502134356971
606,433,0.000495271472821
554,423,0.000483833332571
537,416,0.000475826634396
746,390,0.000446087469746
759,375,0.000428930259371
644,359,0.000410629234971
553,335,0.000383177698372
754,335,0.000383177698372
737,330,0.000377458628247
597,319,0.000364876673972
717,315,0.000360301417872
771,309,0.000353438533722
643,302,0.000345431835547
710,300,0.000343144207497
734,288,0.000329418439197
767,263,0.000300823088572
821,256,0.000292816390397
661,253,0.000289384948322
639,247,0.000282522064173
749,211,0.000241344759273
558,204,0.000233338061098
755,192,0.000219612292798
802,182,0.000208174152548
631,178,0.000203598896448
638,172,0.000196736012298
760,172,0.000196736012298
596,172,0.000196736012298
745,166,0.000189873128148
647,156,0.000178434987898
711,139,0.000158990149474
626,116,0.000132682426899
740,113,0.000129250984824
766,111,0.000126963356774
552,90,0.000102943262249
747,83,9.49365640742e-05
583,56,6.40535853994e-05
798,12,1.37257682999e-05
None,0,0.0
