3,152212,0.174078924044
2,141104,0.161375137954
4,127414,0.145718419232
1,126293,0.144436375281
0,123420,0.141150637305
5,99845,0.114188829863
6,59474,0.0680180927166
7,21605,0.0247087953247
8,10734,0.0122760568857
9,4873,0.00557305992212
10,3209,0.00367000806281
11,2297,0.00262698925531
12,1091,0.0012477341217
13,565,0.000646168449825
14,53,6.06140315765e-05
15,47,5.37520657376e-05
16,35,4.00281340599e-05
18,18,2.05858975165e-05
17,17,1.94422365434e-05
20,13,1.48675926508e-05
19,10,1.14366097314e-05
22,7,8.00562681199e-06
21,6,6.86196583885e-06
24,5,5.71830486571e-06
29,4,4.57464389256e-06
31,3,3.43098291942e-06
23,3,3.43098291942e-06
27,3,3.43098291942e-06
38,2,2.28732194628e-06
40,2,2.28732194628e-06
25,2,2.28732194628e-06
28,2,2.28732194628e-06
39,2,2.28732194628e-06
26,2,2.28732194628e-06
32,1,1.14366097314e-06
35,1,1.14366097314e-06
41,1,1.14366097314e-06
52,1,1.14366097314e-06
75,1,1.14366097314e-06
30,1,1.14366097314e-06
34,1,1.14366097314e-06
42,1,1.14366097314e-06
51,1,1.14366097314e-06
53,1,1.14366097314e-06
58,1,1.14366097314e-06
483,1,1.14366097314e-06
136,1,1.14366097314e-06
