2,256531,0.441135705491
3,149822,0.257636830122
1,73142,0.125776408196
4,58049,0.0998221913455
5,25064,0.0431005427119
6,6744,0.0115971137907
7,2915,0.00501269079178
9,2033,0.00349598640813
11,1289,0.00221658951307
12,957,0.00164567584485
8,897,0.00154249867589
15,773,0.00132926586005
10,708,0.00121749059368
14,450,0.00077382876717
26,339,0.000582951004602
13,218,0.000374877047207
16,204,0.000350802374451
39,183,0.000314690365316
28,159,0.000273419497734
17,108,0.000185718904121
29,91,0.000156485372917
33,69,0.000118653744299
24,65,0.000111775266369
18,59,0.000101457549473
23,47,8.08221156822e-05
52,44,7.56632572344e-05
41,38,6.53455403388e-05
25,36,6.19063013736e-05
20,36,6.19063013736e-05
22,32,5.50278234432e-05
1000,32,5.50278234432e-05
32,31,5.33082039606e-05
30,31,5.33082039606e-05
36,29,4.98689649954e-05
62,29,4.98689649954e-05
46,28,4.81493455128e-05
21,26,4.47101065476e-05
37,25,4.2990487065e-05
38,25,4.2990487065e-05
65,18,3.09531506868e-05
19,15,2.5794292239e-05
27,14,2.40746727564e-05
60,14,2.40746727564e-05
40,10,1.7196194826e-05
63,10,1.7196194826e-05
102,8,1.37569558608e-05
31,8,1.37569558608e-05
35,7,1.20373363782e-05
42,7,1.20373363782e-05
45,6,1.03177168956e-05
43,5,8.598097413e-06
49,5,8.598097413e-06
51,4,6.8784779304e-06
75,4,6.8784779304e-06
90,4,6.8784779304e-06
134,3,5.1588584478e-06
86,3,5.1588584478e-06
100,3,5.1588584478e-06
61,3,5.1588584478e-06
47,2,3.4392389652e-06
50,2,3.4392389652e-06
64,2,3.4392389652e-06
117,1,1.7196194826e-06
66,1,1.7196194826e-06
147,1,1.7196194826e-06
77,1,1.7196194826e-06
79,1,1.7196194826e-06
34,1,1.7196194826e-06
44,1,1.7196194826e-06
74,1,1.7196194826e-06
104,1,1.7196194826e-06
None,0,0.0
