CA,63009,0.0720609342566
TX,52073,0.0595538578544
NY,47286,0.054079152776
FL,41659,0.0476437724801
ZZ,34366,0.039303053003
PA,30929,0.0353722902383
IL,29278,0.0334841059716
OH,27586,0.0315490316051
NJ,25938,0.0296642783213
NC,23663,0.0270624496074
GA,23385,0.0267445118569
VA,21929,0.02507934148
MI,19114,0.0218599358406
MA,17567,0.0200906923152
H9,16247,0.0185810598306
MD,14639,0.0167420529858
MO,13977,0.0159849494216
WA,13711,0.0156807356027
CO,12687,0.0145096267662
WI,12630,0.0144444380908
AZ,12479,0.0142717452838
TN,12124,0.0138657456384
MN,11875,0.0135809740561
IN,11260,0.0128776225576
07,9867,0.011284502822
SC,8645,0.00988694911281
CT,8396,0.00960217753049
KY,7856,0.008984600605
02,7778,0.00889539504909
AL,7414,0.00847910245487
OR,7379,0.00843907432081
LA,6847,0.0078306466831
DE,6663,0.00762021306404
OK,6196,0.00708612338958
IA,6003,0.00686539682177
KS,5936,0.00678877153657
UT,5415,0.00619292416956
ON,5266,0.00602251868456
NV,5223,0.00597334126272
04,5187,0.00593216946768
AR,4023,0.00460094809495
NE,3933,0.00449801860736
NH,3480,0.00397994018653
MS,3382,0.00386786141116
DC,3358,0.00384041354781
WV,3313,0.00378894880402
05,3303,0.00377751219429
08,3099,0.00354420535576
NM,2968,0.00339438576828
ME,2912,0.00333034075379
01,2683,0.00306844239094
ID,2408,0.00275393562332
RI,2334,0.00266930471131
00,2279,0.00260640335779
09,2267,0.00259267942611
A7,2190,0.00250461753118
I2,2182,0.00249546824339
QC,2133,0.00243942885571
HI,2037,0.00232963740229
06,2036,0.00232849374132
16,1862,0.00212949673199
26,1769,0.00202313626149
A8,1721,0.00196824053478
ND,1666,0.00190533918125
N7,1653,0.0018904715886
V2,1652,0.00188932792763
27,1641,0.00187674765692
MT,1616,0.0018481561326
11,1610,0.00184129416676
H3,1581,0.00180812799854
SD,1541,0.00176238155961
BC,1504,0.0017200661036
15,1485,0.00169833654511
17,1471,0.00168232529149
B7,1463,0.00167317600371
L9,1462,0.00167203234273
H8,1442,0.00164915912327
F2,1430,0.00163543519159
F8,1416,0.00161942393797
AB,1412,0.00161484929408
H2,1392,0.00159197607461
VT,1385,0.0015839704478
E4,1362,0.00155766624542
J8,1343,0.00153593668693
03,1318,0.0015073451626
G5,1291,0.00147646631633
12,1249,0.00142843255545
21,1217,0.00139183540431
18,1203,0.00137582415069
14,1164,0.00133122137274
C3,1120,0.00128090028992
I9,1118,0.00127861296797
10,1102,0.0012603143924
AK,1088,0.00124430313878
U8,1088,0.00124430313878
40,1079,0.00123401019002
H4,1036,0.00118483276817
13,1036,0.00118483276817
B9,1002,0.00114594829509
K2,999,0.00114251731217
B4,993,0.00113565534633
20,974,0.00111392578784
E6,969,0.00110820748297
WY,956,0.00109333989032
P6,937,0.00107161033183
J1,927,0.0010601737221
M4,852,0.000974399149116
M3,823,0.000941232980895
28,822,0.000940089319922
19,822,0.000940089319922
I7,817,0.000934371015056
B6,747,0.000854314746936
25,738,0.000844021798178
N5,731,0.000836016171366
H7,718,0.000821148578715
B8,709,0.000810855629957
34,701,0.000801706342172
D4,687,0.000785695088548
I6,685,0.000783407766602
C5,682,0.000779976783682
R3,667,0.000762821869085
N4,660,0.000754816242273
D9,646,0.000738804988649
X5,630,0.000720506413079
23,613,0.000701064176536
Q3,609,0.000696489532643
B2,603,0.000689627566804
C8,601,0.000687340244858
K7,575,0.000657605059556
Q4,570,0.00065188675469
C7,557,0.00063701916204
N1,537,0.000614145942577
P3,536,0.000613002281604
T5,530,0.000606140315765
NS,502,0.000574117808517
G6,487,0.00055696289392
C6,485,0.000554675571973
K4,484,0.000553531911
P8,482,0.000551244589054
A2,479,0.000547813606135
V1,463,0.000529515030564
G8,454,0.000519222081806
Z1,453,0.000518078420833
I3,450,0.000514647437914
Q5,450,0.000514647437914
A9,446,0.000510072794021
B5,441,0.000504354489155
E2,434,0.000496348862343
29,430,0.000491774218451
30,420,0.000480337608719
J9,418,0.000478050286773
K3,415,0.000474619303854
D8,408,0.000466613677042
G1,405,0.000463182694122
D3,405,0.000463182694122
22,389,0.000444884118552
MB,388,0.000443740457579
K6,385,0.000440309474659
A4,381,0.000435734830767
D7,380,0.000434591169794
F9,375,0.000428872864928
M1,370,0.000423154560062
C9,363,0.00041514893325
H5,362,0.000414005272277
P7,362,0.000414005272277
A1,354,0.000404855984492
L3,354,0.000404855984492
G7,353,0.000403712323519
N2,352,0.000402568662546
NB,350,0.000400281340599
I1,341,0.000389988391841
N6,339,0.000387701069895
K8,331,0.00037855178211
A3,324,0.000370546155298
F4,317,0.000362540528486
D2,306,0.000349960257781
B1,303,0.000346529274862
K9,302,0.000345385613889
B3,301,0.000344241952915
M9,296,0.00033852364805
D6,294,0.000336236326103
E7,290,0.000331661682211
56,285,0.000325943377345
E5,285,0.000325943377345
J7,281,0.000321368733453
O8,274,0.000313363106641
51,269,0.000307644801775
X4,268,0.000306501140802
L1,267,0.000305357479829
L7,267,0.000305357479829
N3,265,0.000303070157882
K1,258,0.00029506453107
P9,257,0.000293920870097
U3,255,0.000291633548151
SK,254,0.000290489887178
F6,253,0.000289346226205
A6,252,0.000288202565232
O7,250,0.000285915243285
P2,248,0.000283627921339
48,239,0.000273334972581
A5,237,0.000271047650634
24,236,0.000269903989661
J5,235,0.000268760328688
I4,232,0.000265329345769
Y9,230,0.000263042023822
L2,226,0.00025846737993
78,222,0.000253892736037
97,220,0.000251605414091
D5,217,0.000248174431172
AE,203,0.000232163177548
32,201,0.000229875855601
N8,201,0.000229875855601
L6,200,0.000228732194628
M5,198,0.000226444872682
C1,194,0.000221870228789
V8,193,0.000220726567816
Y6,191,0.00021843924587
J3,187,0.000213864601977
K5,187,0.000213864601977
O2,186,0.000212720941004
J2,181,0.000207002636139
E3,178,0.000203571653219
NL,177,0.000202427992246
N9,177,0.000202427992246
Y4,175,0.0002001406703
U9,170,0.000194422365434
60,168,0.000192135043488
35,165,0.000188704060568
W1,159,0.000181842094729
53,159,0.000181842094729
Z4,158,0.000180698433756
J6,156,0.00017841111181
Z7,155,0.000177267450837
38,153,0.000174980128891
M7,148,0.000169261824025
G2,147,0.000168118163052
W9,145,0.000165830841105
E9,140,0.00016011253624
Q1,139,0.000158968875267
P4,137,0.00015668155332
M2,136,0.000155537892347
O3,134,0.000153250570401
31,133,0.000152106909428
66,132,0.000150963248455
Z5,130,0.000148675926508
Y1,128,0.000146388604562
F7,126,0.000144101282616
83,125,0.000142957621643
C2,124,0.000141813960669
73,124,0.000141813960669
W5,123,0.000140670299696
42,120,0.000137239316777
X7,116,0.000132664672884
Y5,116,0.000132664672884
77,111,0.000126946368019
O1,110,0.000125802707046
E1,109,0.000124659046072
L5,109,0.000124659046072
U4,108,0.000123515385099
52,107,0.000122371724126
68,106,0.000121228063153
ERROR,106,0.000121228063153
81,106,0.000121228063153
W2,104,0.000118940741207
X3,101,0.000115509758287
58,98,0.000112078775368
86,98,0.000112078775368
44,96,0.000109791453422
47,95,0.000108647792448
36,91,0.000104073148556
99,90,0.000102929487583
D1,88,0.000100642165636
O6,87,9.94985046633e-05
39,85,9.7211182717e-05
59,85,9.7211182717e-05
W4,84,9.60675217439e-05
Z8,83,9.49238607707e-05
57,82,9.37801997976e-05
O4,82,9.37801997976e-05
61,82,9.37801997976e-05
Z3,82,9.37801997976e-05
PE,81,9.26365388244e-05
Q2,81,9.26365388244e-05
Y7,81,9.26365388244e-05
V7,79,9.03492168781e-05
J4,79,9.03492168781e-05
F5,76,8.69182339587e-05
65,75,8.57745729856e-05
71,75,8.57745729856e-05
S6,74,8.46309120124e-05
V3,73,8.34872510393e-05
98,72,8.23435900662e-05
33,72,8.23435900662e-05
R8,70,8.00562681199e-05
37,69,7.89126071467e-05
72,69,7.89126071467e-05
55,68,7.77689461736e-05
54,68,7.77689461736e-05
S5,66,7.54816242273e-05
41,65,7.43379632542e-05
W6,61,6.97633193616e-05
X6,61,6.97633193616e-05
Y8,60,6.86196583885e-05
W7,59,6.74759974153e-05
Z6,58,6.63323364422e-05
L8,57,6.5188675469e-05
82,57,6.5188675469e-05
V4,56,6.40450144959e-05
80,55,6.29013535228e-05
50,54,6.17576925496e-05
S9,54,6.17576925496e-05
T6,53,6.06140315765e-05
X9,52,5.94703706033e-05
G9,52,5.94703706033e-05
85,52,5.94703706033e-05
T1,48,5.48957267108e-05
Y3,47,5.37520657376e-05
87,46,5.26084047645e-05
74,45,5.14647437914e-05
75,45,5.14647437914e-05
T2,44,5.03210828182e-05
X1,44,5.03210828182e-05
90,43,4.91774218451e-05
T9,43,4.91774218451e-05
84,43,4.91774218451e-05
Z2,42,4.80337608719e-05
X8,42,4.80337608719e-05
V6,40,4.57464389256e-05
45,40,4.57464389256e-05
91,39,4.46027779525e-05
T8,38,4.34591169794e-05
U2,37,4.23154560062e-05
76,35,4.00281340599e-05
T7,35,4.00281340599e-05
62,33,3.77408121137e-05
46,33,3.77408121137e-05
49,33,3.77408121137e-05
R6,32,3.65971511405e-05
X2,29,3.31661682211e-05
AP,28,3.2022507248e-05
67,27,3.08788462748e-05
Q6,27,3.08788462748e-05
V5,25,2.85915243285e-05
88,25,2.85915243285e-05
79,25,2.85915243285e-05
Q9,25,2.85915243285e-05
S1,24,2.74478633554e-05
Q7,24,2.74478633554e-05
Q8,24,2.74478633554e-05
63,23,2.63042023822e-05
70,23,2.63042023822e-05
Y2,22,2.51605414091e-05
U6,21,2.4016880436e-05
M6,20,2.28732194628e-05
43,20,2.28732194628e-05
U1,19,2.17295584897e-05
P5,19,2.17295584897e-05
R2,19,2.17295584897e-05
L4,17,1.94422365434e-05
F1,16,1.82985755703e-05
89,14,1.6011253624e-05
YT,12,1.37239316777e-05
W8,11,1.25802707046e-05
R4,11,1.25802707046e-05
O9,11,1.25802707046e-05
R9,10,1.14366097314e-05
P1,9,1.02929487583e-05
69,9,1.02929487583e-05
S7,9,1.02929487583e-05
NT,8,9.14928778513e-06
T3,7,8.00562681199e-06
H6,6,6.86196583885e-06
R7,6,6.86196583885e-06
H1,5,5.71830486571e-06
T4,5,5.71830486571e-06
93,5,5.71830486571e-06
64,4,4.57464389256e-06
F3,4,4.57464389256e-06
G3,3,3.43098291942e-06
S2,3,3.43098291942e-06
U5,3,3.43098291942e-06
W3,3,3.43098291942e-06
E8,3,3.43098291942e-06
AA,2,2.28732194628e-06
I8,2,2.28732194628e-06
92,2,2.28732194628e-06
M8,1,1.14366097314e-06
NU,1,1.14366097314e-06
S3,1,1.14366097314e-06
S4,1,1.14366097314e-06
R5,1,1.14366097314e-06
