25000,209880,0.246420168225
35000,149884,0.175978847409
100000,117210,0.137616294633
15000,89317,0.10486711533
45000,63592,0.0746633854477
55000,52619,0.061779982999
75000,36056,0.0423333599463
65000,35683,0.0418954205392
85000,25747,0.0302295600881
300000,24040,0.0282253708983
9500,7409,0.00869890902601
8500,7387,0.0086730788197
6500,5959,0.00699646360994
7500,5785,0.00679217016001
500000,5057,0.00593742515111
5500,5001,0.00587167553504
700000,2912,0.0034189800356
900000,2862,0.00336027502125
4500,2389,0.00280492558552
5000000,1146,0.00134551892884
3500,979,0.00114944418092
2500,377,0.00044263580818
875,373,0.000437939407032
1875,28,3.28748080346e-05
1125,13,1.52633037304e-05
1375,7,8.21870200865e-06
1625,3,3.52230086085e-06
625,1,1.17410028695e-06
None,0,0.0
