0,260625,0.267170681702
501,61769,0.0633203485392
803,35633,0.0365279343926
504,26171,0.026828293183
807,25985,0.0266376217324
602,25756,0.0264028703229
511,24765,0.0253869810354
506,20991,0.021518195797
623,17543,0.0179835981548
618,15909,0.016308559713
524,15723,0.0161178882624
819,13204,0.0135356227576
505,12267,0.0125750896976
613,10992,0.0112680676576
753,10815,0.011086622245
539,10779,0.0110497180933
751,10023,0.0102747309072
510,9883,0.0101312147617
534,9836,0.0100830343414
528,9618,0.00985955920041
560,8345,0.00855458739108
517,7427,0.0076135315223
770,7203,0.00738390568939
609,6975,0.00715017939518
535,6928,0.00710199897488
512,6721,0.00688980010251
616,6676,0.00684366991287
508,6646,0.0068129164531
862,6638,0.0068047155305
820,6485,0.0066478728857
533,6243,0.00639979497693
825,6208,0.00636391594054
617,5882,0.00602972834444
515,5554,0.00569349051768
527,5329,0.00546283956945
635,5104,0.00523218862122
659,5003,0.00512865197335
839,4980,0.00510507432086
548,4369,0.004478728857
641,4336,0.00444490005126
514,4319,0.00442747309072
566,4145,0.00424910302409
544,4081,0.00418349564326
567,4003,0.00410353664787
532,3855,0.0039518195797
622,3672,0.00376422347514
521,3669,0.00376114812916
563,3656,0.00374782162993
556,3479,0.00356637621732
630,3470,0.0035571501794
561,3366,0.00345053818555
529,3313,0.0033962070733
518,3302,0.00338493080472
571,3251,0.00333264992312
650,3219,0.0032998462327
542,3214,0.00329472065607
538,3117,0.0031952844695
790,3016,0.00309174782163
500,2922,0.00299538698104
577,2767,0.00283649410559
555,2702,0.00276986160943
652,2669,0.00273603280369
640,2658,0.00272475653511
744,2592,0.00265709892363
686,2574,0.00263864684777
679,2564,0.00262839569452
671,2555,0.00261916965659
541,2512,0.00257508969759
669,2411,0.00247155304972
658,2330,0.00238851870835
693,2290,0.00234751409534
789,2281,0.00233828805741
557,2249,0.00230548436699
678,2127,0.00218042029728
547,2091,0.00214351614557
546,2079,0.00213121476166
513,2037,0.00208815991799
866,2015,0.00206560738083
564,1997,0.00204715530497
716,1956,0.00200512557663
625,1952,0.00200102511533
523,1930,0.00197847257817
637,1904,0.0019518195797
881,1860,0.00190671450538
752,1804,0.00184930804716
573,1776,0.00182060481804
648,1722,0.00176524859047
757,1717,0.00176012301384
588,1696,0.001738595592
619,1663,0.00170476678626
507,1633,0.0016740133265
543,1594,0.00163403382881
575,1591,0.00163095848283
675,1559,0.00159815479241
722,1551,0.00158995386981
691,1541,0.00157970271656
519,1505,0.00154279856484
551,1499,0.00153664787289
612,1475,0.00151204510507
604,1474,0.00151101998975
682,1449,0.00148539210661
530,1390,0.00142491030241
811,1375,0.00140953357253
574,1374,0.0014085084572
724,1346,0.00137980522809
702,1303,0.00133572526909
545,1302,0.00133470015377
670,1275,0.00130702203998
725,1273,0.00130497180933
855,1272,0.001303946694
632,1272,0.001303946694
810,1255,0.00128651973347
509,1240,0.00127114300359
718,1239,0.00127011788826
570,1209,0.0012393644285
801,1208,0.00123833931317
800,1138,0.00116658124039
520,1099,0.0011266017427
531,1097,0.00112455151205
765,1091,0.00111840082009
642,1070,0.00109687339826
649,1068,0.00109482316761
503,1066,0.00109277293696
536,1065,0.00109174782163
636,1041,0.00106714505382
605,1019,0.00104459251666
522,1018,0.00104356740133
709,991,0.00101588928754
698,972,0.000996412096361
828,964,0.000988211173757
550,962,0.000986160943106
804,911,0.000933880061507
540,902,0.000924654023578
502,897,0.00091952844695
592,878,0.000900051255766
705,872,0.000893900563813
611,866,0.000887749871861
687,850,0.000871348026653
516,840,0.000861096873398
610,835,0.000855971296771
868,827,0.000847770374167
743,814,0.000834443874936
628,787,0.000806765761148
676,744,0.000762685802153
526,720,0.000738083034341
600,712,0.000729882111738
634,703,0.000720656073808
813,699,0.000716555612506
576,695,0.000712455151205
525,693,0.000710404920554
692,685,0.00070220399795
624,677,0.000694003075346
651,668,0.000684777037417
584,665,0.00068170169144
633,662,0.000678626345464
656,619,0.000634546386468
762,615,0.000630445925167
764,589,0.000603792926704
758,548,0.00056176319836
582,548,0.00056176319836
773,526,0.000539210661199
537,517,0.00052998462327
606,516,0.000528959507945
627,510,0.000522808815992
581,506,0.00051870835469
598,500,0.000512557662737
549,497,0.000509482316761
746,489,0.000501281394157
603,487,0.000499231163506
756,474,0.000485904664275
553,467,0.000478728856996
565,459,0.000470527934393
569,451,0.000462327011789
759,448,0.000459251665812
736,446,0.000457201435161
673,431,0.000441824705279
559,423,0.000433623782676
643,415,0.000425422860072
662,412,0.000422347514095
554,406,0.000416196822142
737,404,0.000414146591492
644,394,0.000403895438237
657,387,0.000396719630958
771,376,0.000385443362378
717,352,0.000360840594567
767,333,0.000341363403383
754,325,0.000333162480779
734,284,0.000291132752435
639,280,0.000287032291133
597,279,0.000286007175807
821,267,0.000273705791902
755,245,0.000251153254741
710,244,0.000250128139416
558,240,0.000246027678114
760,220,0.000225525371604
802,217,0.000222450025628
661,213,0.000218349564326
749,209,0.000214249103024
638,178,0.000182470527934
745,172,0.000176319835982
631,163,0.000167093798052
596,151,0.000154792414147
711,150,0.000153767298821
647,145,0.000148641722194
766,136,0.000139415684264
626,122,0.000125064069708
740,111,0.000113787801128
747,101,0.000103536647873
552,88,9.02101486417e-05
583,52,5.33059969247e-05
798,8,8.20092260379e-06
None,0,0.0
