2,166764,0.170652312951
3,163061,0.166862972836
1,153691,0.15727449947
0,146491,0.149906622391
4,140348,0.1436203906
5,102960,0.105360642233
6,61006,0.062428431819
7,21440,0.021939900636
8,10497,0.0107417507918
9,4764,0.00487507866744
10,2509,0.00256750049887
11,2344,0.0023986533158
12,717,0.000733717759142
13,407,0.00041648971823
16,48,4.91191805283e-05
14,40,4.09326504403e-05
15,30,3.06994878302e-05
17,18,1.84196926981e-05
19,10,1.02331626101e-05
18,9,9.20984634906e-06
20,9,9.20984634906e-06
22,6,6.13989756604e-06
24,6,6.13989756604e-06
21,5,5.11658130504e-06
25,4,4.09326504403e-06
38,3,3.06994878302e-06
23,3,3.06994878302e-06
26,3,3.06994878302e-06
30,3,3.06994878302e-06
32,2,2.04663252201e-06
36,2,2.04663252201e-06
33,2,2.04663252201e-06
35,2,2.04663252201e-06
40,1,1.02331626101e-06
49,1,1.02331626101e-06
256,1,1.02331626101e-06
79,1,1.02331626101e-06
97,1,1.02331626101e-06
146,1,1.02331626101e-06
27,1,1.02331626101e-06
34,1,1.02331626101e-06
52,1,1.02331626101e-06
147,1,1.02331626101e-06
223,1,1.02331626101e-06
