2,289196,0.436639580144
3,175882,0.265553612895
1,87528,0.132153242683
4,59442,0.0897478869794
5,29075,0.0438985870921
6,7121,0.0107515679685
7,3609,0.00544901120603
8,1662,0.00250935345648
9,1528,0.00230703494675
10,1094,0.00165176454957
11,1020,0.00154003641733
14,1008,0.00152191834183
12,859,0.00129695223773
15,529,0.000798705161538
33,442,0.000667349114177
41,367,0.000554111142314
16,281,0.000424264934579
13,230,0.000347263113712
39,189,0.000285359689094
29,170,0.000256672736222
17,110,0.000166082358732
21,106,0.000160043000233
26,81,0.000122297009612
40,73,0.000110218292613
24,63,9.51198963646e-05
30,52,7.85116604914e-05
46,52,7.85116604914e-05
19,49,7.39821416169e-05
36,47,7.09624623672e-05
18,44,6.64329434927e-05
22,38,5.73739057437e-05
136,37,5.58640661189e-05
23,36,5.43542264941e-05
25,32,4.83148679947e-05
28,32,4.83148679947e-05
1000,32,4.83148679947e-05
60,17,2.56672736222e-05
37,17,2.56672736222e-05
20,17,2.56672736222e-05
65,16,2.41574339974e-05
51,15,2.26475943725e-05
38,13,1.96279151229e-05
31,12,1.8118075498e-05
32,11,1.66082358732e-05
27,10,1.50983962484e-05
34,9,1.35885566235e-05
42,8,1.20787169987e-05
66,8,1.20787169987e-05
35,7,1.05688773738e-05
43,5,7.54919812418e-06
57,5,7.54919812418e-06
52,4,6.03935849934e-06
102,4,6.03935849934e-06
134,4,6.03935849934e-06
48,3,4.52951887451e-06
61,3,4.52951887451e-06
74,3,4.52951887451e-06
126,2,3.01967924967e-06
49,2,3.01967924967e-06
117,1,1.50983962484e-06
45,1,1.50983962484e-06
47,1,1.50983962484e-06
50,1,1.50983962484e-06
128,1,1.50983962484e-06
64,1,1.50983962484e-06
85,1,1.50983962484e-06
44,1,1.50983962484e-06
56,1,1.50983962484e-06
84,1,1.50983962484e-06
86,1,1.50983962484e-06
None,0,0.0
