CA,83452,0.0853977886136
NY,55281,0.0565699462247
TX,54509,0.0557799460712
ZZ,50317,0.0514902043051
FL,45905,0.0469753329615
IL,31774,0.0325148508772
PA,29939,0.0306370655383
OH,28553,0.0292187492005
NJ,26404,0.0270196425556
NC,22582,0.0231085278061
VA,22273,0.0227923230814
GA,21768,0.0222755483696
MI,21651,0.0221558203671
H9,21510,0.0220115327743
MA,20697,0.0211795766541
WA,16749,0.0171395240556
MD,14612,0.0149526972058
AZ,13512,0.0138270493187
WI,13483,0.0137973731472
MO,13464,0.0137779301382
CO,13290,0.0135998731088
MN,12928,0.0132294326223
IN,11735,0.0120086163229
TN,11594,0.0118643287301
LA,9460,0.00968057182913
07,9088,0.00929989818003
CT,8932,0.00914026084331
SC,8636,0.00883735923006
OR,8346,0.00854059751436
AL,8220,0.00841165966548
KY,7890,0.00807396529935
02,7489,0.00766361547868
DE,7400,0.00757254033145
UT,7160,0.00732694442881
OK,6670,0.00682551946092
IA,6479,0.00663006605506
NV,6476,0.00662699610628
ON,6467,0.00661778625993
KS,6242,0.00638754010121
04,5441,0.00556786377614
DC,4764,0.00487507866744
AR,4426,0.00452919777122
NE,4238,0.00433681431415
NH,3770,0.003857902304
ME,3370,0.00344857579959
MS,3355,0.00343322605568
NM,3314,0.00339127008898
QC,3276,0.00335238407106
WV,3253,0.00332884779706
00,3224,0.00329917162549
ID,2956,0.00302492286754
05,2937,0.00300547985858
08,2764,0.00282844614542
A7,2703,0.0027660238535
HI,2594,0.00265448238105
RI,2592,0.00265243574853
I2,2576,0.00263606268835
01,2287,0.00234032428892
V2,2193,0.00224413256039
N7,2040,0.00208756517245
06,1988,0.00203435272688
H3,1920,0.00196476722113
A8,1912,0.00195658069105
F8,1897,0.00194123094713
MT,1833,0.00187573870643
L9,1803,0.0018450392186
09,1801,0.00184299258607
F2,1795,0.00183685268851
G5,1788,0.00182968947468
B7,1779,0.00182047962833
ND,1730,0.00177033713154
J8,1702,0.00174168427623
H2,1655,0.00169358841197
H8,1651,0.00168949514692
11,1647,0.00168540188188
SD,1634,0.00167209877049
AB,1626,0.0016639122404
E4,1624,0.00166186560788
BC,1618,0.00165572571031
27,1570,0.00160660652978
C3,1513,0.0015482775029
VT,1488,0.00152269459638
16,1457,0.00149097179229
I9,1441,0.00147459873211
U8,1419,0.00145208577437
H4,1391,0.00142343291906
26,1352,0.00138352358488
17,1333,0.00136408057592
15,1325,0.00135589404583
K2,1287,0.00131700802792
null,1279,0.00130882149783
03,1258,0.00128733185635
E6,1211,0.00123923599208
18,1191,0.00121876966686
B4,1188,0.00121569971808
WY,1181,0.00120853650425
B9,1174,0.00120137329042
21,1163,0.00119011681155
J1,1117,0.00114304426354
AK,1091,0.00111643804076
P6,1079,0.00110415824563
40,1032,0.00105606238136
I7,1028,0.00105196911632
14,1007,0.00103047947483
13,1000,0.00102331626101
M3,993,0.00101615304718
12,980,0.00100284993579
N5,964,0.000986476875611
M4,963,0.00098545355935
H7,954,0.000976243713001
20,942,0.000963963917869
B6,936,0.000957824020303
R3,935,0.000956800704042
10,924,0.000945544225171
D4,923,0.00094452090891
C5,849,0.000868795505595
19,841,0.000860608975507
N4,836,0.000855492394202
X5,812,0.000830932803938
K7,798,0.000816606376284
I6,793,0.000811489794979
B8,780,0.000798186683585
D9,754,0.000771580460799
Q3,750,0.000767487195755
C8,743,0.000760323981928
Q4,735,0.00075213745184
N1,716,0.000732694442881
K4,708,0.000724507912793
P3,693,0.000709158168878
C7,667,0.000682551946092
T5,656,0.000671295467221
25,651,0.000666178885916
B2,648,0.000663108937133
28,631,0.000645712560695
Z1,621,0.000635479398085
29,605,0.000619106337909
G6,598,0.000611943124082
V1,597,0.000610919807821
P8,584,0.000597616696428
C6,579,0.000592500115123
D8,556,0.00056896384112
23,552,0.000564870576076
K3,550,0.000562823943554
J9,545,0.000557707362249
30,544,0.000556684045988
I3,543,0.000555660729727
G8,539,0.000551567464683
A2,525,0.000537241037029
E2,517,0.000529054506941
Q5,506,0.00051779802807
G1,501,0.000512681446765
F9,497,0.000508588181721
G7,489,0.000500401651632
NS,481,0.000492215121544
D3,478,0.000489145172761
C9,477,0.0004881218565
A4,472,0.000483005275195
H5,472,0.000483005275195
K6,470,0.000480958642673
MB,468,0.000478912010151
A9,468,0.000478912010151
N6,468,0.000478912010151
P7,467,0.00047788869389
34,465,0.000475842061368
M1,441,0.000451282471104
I1,440,0.000450259154843
K8,438,0.000448212522321
D7,435,0.000445142573538
N2,434,0.000444119257277
L3,434,0.000444119257277
B5,422,0.000431839462145
D2,420,0.000429792829623
J7,416,0.000425699564579
A3,413,0.000422629615796
F4,410,0.000419559667013
M9,408,0.000417513034491
B1,403,0.000412396453186
51,401,0.000410349820664
56,397,0.00040625655562
L1,395,0.000404209923098
NB,390,0.000399093341793
D6,384,0.000392953444227
P9,381,0.000389883495444
A1,371,0.000379650332834
22,367,0.00037555706779
K9,365,0.000373510435268
E5,358,0.000366347221441
O8,357,0.00036532390518
L7,340,0.000347927528742
U3,340,0.000347927528742
B3,340,0.000347927528742
K1,333,0.000340764314915
A5,330,0.000337694366132
Y9,328,0.00033564773361
X4,324,0.000331554468566
SK,323,0.000330531152305
N3,313,0.000320297989695
P2,313,0.000320297989695
F6,310,0.000317228040912
O7,304,0.000311088143346
I4,299,0.000305971562041
A6,284,0.000290621818126
N8,281,0.000287551869343
D5,280,0.000286528553082
E7,274,0.000280388655516
V8,265,0.000271178809167
J2,262,0.000268108860384
97,260,0.000266062227862
J5,255,0.000260945646557
C1,252,0.000257875697774
Z4,237,0.000242525953859
L2,233,0.000238432688815
Y6,230,0.000235362740032
U9,230,0.000235362740032
K5,225,0.000230246158727
NL,224,0.000229222842466
O2,222,0.000227176209944
L6,222,0.000227176209944
24,212,0.000216943047333
E3,211,0.000215919731072
N9,210,0.000214896414811
J6,206,0.000210803149767
Y4,203,0.000207733200984
M7,198,0.000202616619679
P4,198,0.000202616619679
W1,196,0.000200569987157
60,194,0.000198523354635
M5,192,0.000196476722113
C2,189,0.00019340677333
J3,188,0.000192383457069
M2,182,0.000186243559503
32,177,0.000181126978198
AE,176,0.000180103661937
F7,175,0.000179080345676
42,174,0.000178057029415
G2,173,0.000177033713154
W9,171,0.000174987080632
O3,168,0.000171917131849
W5,167,0.000170893815588
Z7,165,0.000168847183066
Y1,164,0.000167823866805
31,162,0.000165777234283
44,160,0.000163730601761
Q1,158,0.000161683969239
E9,158,0.000161683969239
48,157,0.000160660652978
Y5,153,0.000156567387934
Z5,149,0.00015247412289
X7,142,0.000145310909063
U4,139,0.00014224096028
O4,139,0.00014224096028
58,136,0.000139171011497
53,134,0.000137124378975
O1,134,0.000137124378975
E1,132,0.000135077746453
X3,129,0.00013200779767
L5,125,0.000127914532626
55,122,0.000124844583843
W2,121,0.000123821267582
78,121,0.000123821267582
D1,120,0.000122797951321
59,116,0.000118704686277
O6,114,0.000116658053755
Q2,112,0.000114611421233
Z3,111,0.000113588104972
38,108,0.000110518156189
S6,106,0.000108471523667
S5,104,0.000106424891145
J4,102,0.000104378258623
35,100,0.000102331626101
V7,100,0.000102331626101
Y7,98,0.000100284993579
Z8,98,0.000100284993579
W6,98,0.000100284993579
52,96,9.82383610567e-05
W4,96,9.82383610567e-05
R8,94,9.61917285347e-05
Z6,93,9.51684122737e-05
X9,93,9.51684122737e-05
V3,92,9.41450960126e-05
Y8,91,9.31217797516e-05
ERROR,90,9.20984634906e-05
98,89,9.10751472296e-05
PE,88,9.00518309686e-05
99,85,8.69818821856e-05
81,80,8.18653008806e-05
F5,78,7.98186683585e-05
L8,77,7.87953520975e-05
54,74,7.57254033145e-05
W7,72,7.36787707925e-05
G9,69,7.06088220095e-05
T1,68,6.95855057485e-05
T6,65,6.65155569655e-05
V4,65,6.65155569655e-05
68,64,6.54922407045e-05
X6,64,6.54922407045e-05
83,62,6.34456081824e-05
86,62,6.34456081824e-05
T9,62,6.34456081824e-05
T2,60,6.13989756604e-05
66,60,6.13989756604e-05
36,59,6.03756593994e-05
47,59,6.03756593994e-05
Y3,58,5.93523431384e-05
S9,58,5.93523431384e-05
61,57,5.83290268774e-05
33,56,5.73057106164e-05
77,56,5.73057106164e-05
Z2,52,5.32124455724e-05
39,51,5.21891293114e-05
U2,51,5.21891293114e-05
X8,50,5.11658130504e-05
50,50,5.11658130504e-05
V5,50,5.11658130504e-05
37,49,5.01424967893e-05
T7,48,4.91191805283e-05
45,45,4.60492317453e-05
57,45,4.60492317453e-05
Q6,44,4.50259154843e-05
V6,42,4.29792829623e-05
T8,41,4.19559667013e-05
73,40,4.09326504403e-05
72,38,3.88860179183e-05
Q9,38,3.88860179183e-05
AP,37,3.78627016573e-05
85,37,3.78627016573e-05
R6,37,3.78627016573e-05
46,37,3.78627016573e-05
X1,36,3.68393853963e-05
84,35,3.58160691352e-05
U6,34,3.47927528742e-05
74,33,3.37694366132e-05
80,33,3.37694366132e-05
X2,33,3.37694366132e-05
O9,32,3.27461203522e-05
82,32,3.27461203522e-05
P5,32,3.27461203522e-05
R4,32,3.27461203522e-05
U1,31,3.17228040912e-05
65,31,3.17228040912e-05
L4,31,3.17228040912e-05
71,30,3.06994878302e-05
75,29,2.96761715692e-05
Y2,29,2.96761715692e-05
Q8,27,2.76295390472e-05
P1,26,2.66062227862e-05
S1,26,2.66062227862e-05
76,25,2.55829065252e-05
43,23,2.35362740032e-05
R2,22,2.25129577422e-05
62,21,2.14896414811e-05
41,21,2.14896414811e-05
S7,19,1.94430089591e-05
M6,19,1.94430089591e-05
R7,19,1.94430089591e-05
49,18,1.84196926981e-05
Q7,18,1.84196926981e-05
91,17,1.73963764371e-05
87,16,1.63730601761e-05
79,15,1.53497439151e-05
63,14,1.43264276541e-05
H1,14,1.43264276541e-05
F1,14,1.43264276541e-05
90,13,1.33031113931e-05
S2,13,1.33031113931e-05
T3,12,1.22797951321e-05
T4,12,1.22797951321e-05
R9,12,1.22797951321e-05
NT,11,1.12564788711e-05
I8,11,1.12564788711e-05
67,10,1.02331626101e-05
E8,10,1.02331626101e-05
W8,9,9.20984634906e-06
S3,9,9.20984634906e-06
88,8,8.18653008806e-06
YT,7,7.16321382705e-06
G3,7,7.16321382705e-06
W3,7,7.16321382705e-06
70,6,6.13989756604e-06
89,5,5.11658130504e-06
69,4,4.09326504403e-06
AA,4,4.09326504403e-06
U5,4,4.09326504403e-06
H6,3,3.06994878302e-06
64,3,3.06994878302e-06
S4,3,3.06994878302e-06
NU,3,3.06994878302e-06
R5,3,3.06994878302e-06
93,2,2.04663252201e-06
F3,2,2.04663252201e-06
U7,1,1.02331626101e-06
92,1,1.02331626101e-06
S8,1,1.02331626101e-06
C4,1,1.02331626101e-06
