25000,240718,0.25492820818
35000,139324,0.147548657253
100000,134228,0.142151827149
15000,107342,0.113678676802
45000,70947,0.0751351855107
55000,54794,0.0580286320052
75000,43912,0.0465042393075
65000,41895,0.0443681705636
85000,31858,0.0337386604085
300000,25040,0.0265181761764
8500,11303,0.0119702454202
9500,10193,0.0107947192399
7500,6584,0.00697267060486
6500,5910,0.00625888263589
5500,5406,0.00572513020806
5000000,4128,0.00437168655177
500000,4126,0.00436956848658
4500,2508,0.00265605374802
700000,1684,0.00178341088982
3500,847,0.000897000607885
900000,686,0.000726496360105
2500,401,0.000424672070557
875,293,0.000310296550307
1375,77,8.15455098077e-05
625,48,5.08335645554e-05
1625,5,5.29516297453e-06
1125,1,1.05903259491e-06
None,0,0.0
