0,232812,0.279317530951
501,53308,0.0639565784406
803,28931,0.0347101330169
504,23247,0.0278907214491
807,21644,0.0259675130144
511,20935,0.025116886202
602,19364,0.0232320699506
506,17327,0.0207881675291
623,15344,0.018409051917
524,13310,0.0159687487628
819,12746,0.0152920865312
618,10860,0.0130293472249
505,10133,0.0121571248094
539,9425,0.0113076977527
753,9201,0.0110389524693
534,8727,0.0104702682534
613,8623,0.0103454936575
510,8487,0.0101823268782
528,7807,0.00936649298203
751,7793,0.00934969640181
560,7208,0.00864783929992
517,6524,0.00782720638078
820,6182,0.00741688992121
535,5984,0.00717933828672
533,5793,0.00695018494235
508,5779,0.00693338836213
512,5769,0.00692139080483
862,5594,0.00671143355213
609,5526,0.00662985016251
770,5483,0.00657826066613
616,5461,0.00655186604007
825,4988,0.00598438157991
515,4569,0.00548168392915
617,4541,0.00544809076872
659,4521,0.00542409565412
839,4423,0.00530651959261
527,4249,0.00509776209564
544,3978,0.00477262829288
514,3860,0.00463105711677
641,3841,0.00460826175791
635,3797,0.0045554725058
566,3745,0.00449308520785
567,3678,0.00441270157396
548,3593,0.00431072233693
521,3532,0.00423753723742
532,3397,0.0040755702139
556,3186,0.00382242175493
563,3103,0.00372284202936
529,3016,0.00361846328088
518,2933,0.00351888355531
542,2923,0.00350688599801
500,2755,0.00330532703542
571,2746,0.00329452923385
561,2659,0.00319015048536
630,2650,0.00317935268379
622,2592,0.00310976685147
577,2577,0.00309177051552
538,2544,0.00305217857644
650,2458,0.00294899958368
790,2457,0.00294779982796
555,2366,0.00283862205655
640,2270,0.00272344550649
541,2228,0.00267305576585
671,2227,0.00267185601012
652,2210,0.00265146016271
557,2170,0.00260346993352
744,2170,0.00260346993352
686,2023,0.00242710584125
658,1977,0.00237191707768
679,1926,0.00231072953547
693,1915,0.00229753222244
669,1909,0.00229033368806
789,1838,0.00220515103125
513,1796,0.0021547612906
564,1757,0.00210797081714
547,1737,0.00208397570255
546,1733,0.00207917667963
881,1693,0.00203118645044
523,1689,0.00202638742752
678,1670,0.00200359206865
752,1651,0.00198079670979
573,1619,0.00194240452644
866,1577,0.00189201478579
757,1569,0.00188241673995
619,1567,0.00188001722849
543,1433,0.00171924996071
575,1430,0.00171565069352
588,1404,0.00168445704455
625,1391,0.00166886022006
551,1362,0.0016340673039
648,1359,0.00163046803671
637,1345,0.00161367145649
716,1345,0.00161367145649
507,1333,0.00159927438773
545,1295,0.00155368367
519,1294,0.00155248391428
574,1282,0.00153808684552
810,1279,0.00153448757833
691,1267,0.00152009050957
801,1193,0.00143130858557
811,1183,0.00141931102827
570,1158,0.00138931713503
722,1151,0.00138091884492
675,1126,0.00135092495168
531,1120,0.0013437264173
612,1106,0.00132692983709
670,1106,0.00132692983709
632,1071,0.00128493838654
682,1071,0.00128493838654
725,1067,0.00128013936363
718,1005,0.00120575450838
702,996,0.00119495670681
509,996,0.00119495670681
530,976,0.00117096159222
855,975,0.00116976183649
520,961,0.00115296525627
765,950,0.00113976794325
536,945,0.0011337691646
724,932,0.00111817234011
649,929,0.00111457307292
550,907,0.00108817844687
828,889,0.00106658284373
709,884,0.00106058406508
503,866,0.00103898846195
636,847,0.00101619310308
800,842,0.00101019432444
804,831,0.000996997011408
610,816,0.000979000675462
502,798,0.000957405072327
743,782,0.000938208980652
522,775,0.000929810690543
516,774,0.000928610934814
604,766,0.000919012888976
605,763,0.000915413621787
592,762,0.000914213866057
698,758,0.000909414843138
540,755,0.000905815575949
642,739,0.000886619484273
576,726,0.000871022659786
705,723,0.000867423392597
687,708,0.000849427056651
868,669,0.000802636583192
611,637,0.00076424439984
624,634,0.000760645132651
525,603,0.000723452705029
584,600,0.00071985343784
813,591,0.000709055636272
526,591,0.000709055636272
600,576,0.000691059300326
656,567,0.000680261498759
762,548,0.000657466139894
651,530,0.000635870536759
634,529,0.000634670781029
692,518,0.000621473468002
628,516,0.000619073956542
676,514,0.000616674445083
633,494,0.000592679330488
764,492,0.000590279819029
736,472,0.000566284704434
627,468,0.000561485681515
758,456,0.000547088612758
581,450,0.00053989007838
537,449,0.00053869032265
554,423,0.000507496673677
606,422,0.000506296917948
549,419,0.000502697650758
756,413,0.00049549911638
598,409,0.000490700093461
603,406,0.000487100826272
565,404,0.000484701314812
582,396,0.000475103268974
559,393,0.000471504001785
657,387,0.000464305467407
569,383,0.000459506444488
746,379,0.000454707421569
553,378,0.000453507665839
662,373,0.000447508887191
773,361,0.000433111818434
673,355,0.000425913284055
754,315,0.000377923054866
759,313,0.000375523543407
717,294,0.000352728184542
644,280,0.000335931604325
771,271,0.000325133802758
643,264,0.00031673551265
597,245,0.000293940153785
737,237,0.000284342107947
821,235,0.000281942596487
767,223,0.000267545527731
734,214,0.000256747726163
755,213,0.000255547970433
639,211,0.000253148458974
710,211,0.000253148458974
760,207,0.000248349436055
558,191,0.000229153344379
802,181,0.000217155787082
661,163,0.000195560183947
596,163,0.000195560183947
638,160,0.000191960916757
647,149,0.00017876360373
749,145,0.000173964580811
631,143,0.000171565069352
711,121,0.000145170443298
626,117,0.000140371420379
745,116,0.000139171664649
766,114,0.00013677215319
740,97,0.000116376305784
747,90,0.000107978015676
552,88,0.000105578504217
583,42,5.03897406488e-05
798,13,1.55968244865e-05
None,0,0.0
