1,144645,0.173224225644
2,136348,0.163287889094
3,133087,0.159382574705
0,132025,0.158110742788
4,118393,0.141785307108
5,83883,0.100456757715
6,51697,0.0619113885243
7,16834,0.0201600927407
8,8904,0.0106632687278
9,4131,0.00494721059237
10,2138,0.00256042997978
11,1969,0.00235803864836
12,549,0.000657472431666
13,329,0.000394004426262
14,23,2.75443823831e-05
15,19,2.27540550121e-05
16,16,1.91613094839e-05
18,6,7.18549105646e-06
21,6,7.18549105646e-06
19,3,3.59274552823e-06
20,2,2.39516368549e-06
22,2,2.39516368549e-06
34,1,1.19758184274e-06
23,1,1.19758184274e-06
25,1,1.19758184274e-06
30,1,1.19758184274e-06
24,1,1.19758184274e-06
27,1,1.19758184274e-06
29,1,1.19758184274e-06
