2,238672,0.444151658274
3,134711,0.250687613284
1,75425,0.140360573613
4,47681,0.0887309580435
5,22267,0.0414373071612
6,6181,0.0115024024594
7,3126,0.00581726421098
9,1385,0.00257738673455
8,1260,0.00234477060328
14,1070,0.00199119408373
10,807,0.00150176974353
11,775,0.00144222001392
12,666,0.00123937874745
15,481,0.000895106873155
41,475,0.000883941298854
33,354,0.000658768883778
13,268,0.000498728985459
39,217,0.000403821603898
16,196,0.000364742093843
29,152,0.000282861215633
21,142,0.000264251925131
40,140,0.000260530067031
19,114,0.000212145911725
17,101,0.000187953834072
26,92,0.00017120547262
18,56,0.000104212026812
30,50,9.3046452511e-05
36,47,8.74636653603e-05
46,44,8.18808782096e-05
24,39,7.25762329585e-05
23,38,7.07153039083e-05
1000,32,5.9549729607e-05
25,27,5.02450843559e-05
60,26,4.83841553057e-05
37,21,3.90795100546e-05
22,21,3.90795100546e-05
28,20,3.72185810044e-05
20,17,3.16357938537e-05
27,17,3.16357938537e-05
42,16,2.97748648035e-05
38,13,2.41920776528e-05
51,12,2.23311486026e-05
66,10,1.86092905022e-05
32,10,1.86092905022e-05
65,10,1.86092905022e-05
31,9,1.6748361452e-05
55,8,1.48874324018e-05
43,7,1.30265033515e-05
34,6,1.11655743013e-05
136,5,9.3046452511e-06
52,4,7.44371620088e-06
134,4,7.44371620088e-06
62,4,7.44371620088e-06
57,4,7.44371620088e-06
61,4,7.44371620088e-06
35,3,5.58278715066e-06
102,3,5.58278715066e-06
45,2,3.72185810044e-06
79,2,3.72185810044e-06
117,2,3.72185810044e-06
44,2,3.72185810044e-06
64,2,3.72185810044e-06
75,2,3.72185810044e-06
86,2,3.72185810044e-06
48,1,1.86092905022e-06
63,1,1.86092905022e-06
76,1,1.86092905022e-06
81,1,1.86092905022e-06
47,1,1.86092905022e-06
74,1,1.86092905022e-06
85,1,1.86092905022e-06
None,0,0.0
