CA,68507,0.0820427393008
NY,46657,0.0558755760369
TX,42668,0.0510984220662
ZZ,41228,0.0493739042126
FL,38831,0.0465033005356
PA,26272,0.0314628701725
OH,24447,0.0292772833095
NJ,24368,0.029182674344
IL,24043,0.0287934602451
VA,20897,0.0250258677678
NC,19942,0.023882177108
GA,18276,0.021887005758
MI,18094,0.0216690458626
MA,17170,0.0205624802399
WA,16150,0.0193409467603
H9,15958,0.0191110110465
MD,12699,0.015208091821
AZ,11336,0.0135757877693
MO,10787,0.0129183153377
WI,10642,0.0127446659705
CO,10542,0.0126249077862
TN,10370,0.0124189237092
MN,9863,0.011811749715
IN,9660,0.0115686406009
07,8091,0.00968963468963
CT,7943,0.00951239257691
OR,7880,0.00943694492082
SC,7546,0.00903695258534
02,7430,0.00889803309158
KY,7237,0.00866689979593
DE,6872,0.00822978242333
LA,6681,0.00800104429137
ON,6437,0.00770883432174
AL,6379,0.00763937457486
NV,5711,0.00683938990391
OK,5483,0.00656634124376
UT,5480,0.00656274849823
04,5429,0.00650167182425
IA,4903,0.00587174377497
KS,4797,0.00574480009964
QC,3824,0.00457955296665
AR,3726,0.00446218994606
NE,3431,0.00410890330245
NH,3397,0.0040681855198
ME,3153,0.00377597555017
00,3116,0.00373166502199
MS,2862,0.00342747923393
08,2862,0.00342747923393
WV,2862,0.00342747923393
05,2798,0.003350833996
NM,2716,0.00325263228489
ID,2634,0.00315443057379
A7,2528,0.00302748689845
DC,2484,0.00297479329737
I2,2468,0.00295563198789
RI,2342,0.0028047366757
01,2285,0.00273647451067
HI,2173,0.00260234534428
V2,2010,0.00240713950391
H3,1873,0.00224307079146
N7,1859,0.00222630464566
L9,1836,0.00219876026328
B7,1705,0.00204187704188
E4,1700,0.00203588913266
F2,1683,0.00201553024134
G5,1675,0.00200594958659
F8,1661,0.0019891834408
H8,1652,0.00197840520421
MT,1632,0.00195445356736
J8,1616,0.00193529225787
BC,1615,0.00193409467603
06,1602,0.00191852611207
H2,1539,0.00184307845598
A8,1533,0.00183589296493
AB,1509,0.0018071510007
03,1491,0.00178559452753
SD,1393,0.00166823150694
I9,1389,0.00166344117957
VT,1364,0.0016335016335
16,1352,0.00161913065139
09,1328,0.00159038868716
ND,1305,0.00156284430478
11,1282,0.0015352999224
U8,1269,0.00151973135844
27,1264,0.00151374344923
C3,1251,0.00149817488527
H4,1245,0.00149098939422
K2,1236,0.00148021115763
21,1227,0.00146943292105
17,1202,0.00143949337498
26,1188,0.00142272722918
B4,1182,0.00141554173812
E6,1161,0.00139039251942
40,1130,0.0013532674823
J1,1125,0.00134727957309
P6,1115,0.00133530375466
15,1076,0.00128859806279
18,1032,0.00123590446171
M3,1014,0.00121434798854
null,1013,0.0012131504067
AK,998,0.00119518667906
B9,990,0.00118560602432
12,988,0.00118321086063
N5,968,0.00115925922378
I7,963,0.00115327131456
M4,962,0.00115207373272
14,933,0.00111734385928
H7,911,0.00109099705874
20,880,0.00105387202161
WY,870,0.00104189620319
13,860,0.00102992038476
N4,845,0.00101195665712
10,818,0.000979621947364
B6,808,0.000967646128936
Q3,786,0.000941299328396
B8,785,0.000940101746553
D4,783,0.000937706582868
I6,778,0.000931718673654
C8,764,0.000914952527856
R3,751,0.0008993839639
19,736,0.000881420236259
Q4,736,0.000881420236259
D9,731,0.000875432327045
C5,727,0.000870641999674
K7,678,0.00081196048938
28,678,0.00081196048938
X5,664,0.000795194343581
K4,641,0.000767649961198
N1,636,0.000761662051985
B2,626,0.000749686233557
25,617,0.000738907996973
C7,605,0.00072453701486
I3,546,0.000653879686138
34,545,0.000652682104295
NS,540,0.000646694195081
G8,536,0.00064190386771
Z1,534,0.000639508704025
P3,534,0.000639508704025
J9,525,0.00062873046744
29,524,0.000627532885597
T5,522,0.000625137721912
G6,516,0.000617952230855
A2,513,0.000614359485327
P8,508,0.000608371576114
K3,504,0.000603581248743
V1,493,0.000590407848472
Q5,492,0.00058921026663
G1,490,0.000586815102944
23,487,0.000583222357416
E2,483,0.000578432030045
C6,482,0.000577234448202
L3,475,0.000568851375303
A9,471,0.000564061047932
30,461,0.000552085229505
C9,459,0.000549690065819
D8,458,0.000548492483976
G7,457,0.000547294902134
K6,446,0.000534121501863
H5,445,0.000532923920021
F9,445,0.000532923920021
MB,444,0.000531726338178
N2,444,0.000531726338178
D3,444,0.000531726338178
A4,439,0.000525738428964
M1,438,0.000524540847121
N6,438,0.000524540847121
NB,436,0.000522145683436
K8,428,0.000512565028694
F4,425,0.000508972283166
56,422,0.000505379537638
A1,415,0.000496996464738
I1,414,0.000495798882896
P7,402,0.000481427900783
D7,394,0.000471847246041
M9,393,0.000470649664198
D6,386,0.000462266591299
B5,385,0.000461069009456
P9,371,0.000444302863658
51,366,0.000438314954444
D2,363,0.000434722208916
K9,359,0.000429931881545
B1,355,0.000425141554174
A3,350,0.00041915364496
O7,344,0.000411968153904
B3,341,0.000408375408375
O8,336,0.000402387499162
SK,336,0.000402387499162
J7,333,0.000398794753633
A5,326,0.000390411680734
L7,325,0.000389214098892
K1,320,0.000383226189678
22,319,0.000382028607835
F6,315,0.000377238280464
I4,311,0.000372447953093
E7,308,0.000368855207565
U3,308,0.000368855207565
X4,304,0.000364064880194
L1,303,0.000362867298351
E5,299,0.00035807697098
P2,283,0.000338915661496
J5,283,0.000338915661496
N8,275,0.000329335006754
D5,273,0.000326939843069
L2,269,0.000322149515698
N3,267,0.000319754352012
97,249,0.000298197878843
Y9,248,0.000297000297
C1,247,0.000295802715158
V8,246,0.000294605133315
NL,240,0.000287419642258
E3,226,0.00027065349646
A6,222,0.000265863169089
J2,218,0.000261072841718
Z4,214,0.000256282514347
Y6,213,0.000255084932504
K5,212,0.000253887350662
W1,212,0.000253887350662
O2,207,0.000247899441448
32,205,0.000245504277762
60,204,0.00024430669592
42,202,0.000241911532234
M5,199,0.000238318786706
AE,196,0.000234726041178
J3,192,0.000229935713807
M7,187,0.000223947804593
N9,186,0.00022275022275
U9,181,0.000216762313537
L6,178,0.000213169568008
M2,177,0.000211971986166
24,177,0.000211971986166
Y4,176,0.000210774404323
C2,176,0.000210774404323
W5,175,0.00020957682248
E9,175,0.00020957682248
G2,174,0.000208379240637
J6,174,0.000208379240637
Z5,166,0.000198798585895
W9,165,0.000197601004053
F7,165,0.000197601004053
O1,148,0.000177242112726
Z7,146,0.00017484694904
53,145,0.000173649367198
Q1,143,0.000171254203512
Y1,143,0.000171254203512
Y5,143,0.000171254203512
P4,141,0.000168859039827
U4,133,0.000159278385085
W2,132,0.000158080803242
O3,128,0.000153290475871
O4,128,0.000153290475871
E1,128,0.000153290475871
31,125,0.000149697730343
59,122,0.000146104984815
48,122,0.000146104984815
X3,120,0.000143709821129
78,119,0.000142512239286
D1,117,0.000140117075601
44,111,0.000132931584544
38,110,0.000131734002702
X7,106,0.000126943675331
52,105,0.000125746093488
58,105,0.000125746093488
O6,104,0.000124548511645
55,102,0.00012215334796
99,99,0.000118560602432
L5,96,0.000114967856903
S6,96,0.000114967856903
F5,94,0.000112572693218
54,91,0.00010897994769
Z8,91,0.00010897994769
Q2,91,0.00010897994769
V7,88,0.000105387202161
35,87,0.000104189620319
98,87,0.000104189620319
39,86,0.000102992038476
Y8,83,9.93992929477e-05
Y7,82,9.82017111049e-05
R8,78,9.3411383734e-05
W7,78,9.3411383734e-05
S5,78,9.3411383734e-05
X9,77,9.22138018912e-05
V4,76,9.10162200485e-05
J4,75,8.98186382057e-05
PE,75,8.98186382057e-05
V3,74,8.8621056363e-05
ERROR,73,8.74234745202e-05
Z6,73,8.74234745202e-05
77,70,8.3830728992e-05
Z3,69,8.26331471493e-05
W4,69,8.26331471493e-05
W6,69,8.26331471493e-05
L8,68,8.14355653065e-05
81,66,7.9040401621e-05
61,64,7.66452379356e-05
T6,62,7.42500742501e-05
Y3,61,7.30524924073e-05
S9,61,7.30524924073e-05
83,59,7.06573287218e-05
68,58,6.94597468791e-05
33,57,6.82621650364e-05
37,57,6.82621650364e-05
47,56,6.70645831936e-05
G9,51,6.10766739799e-05
T2,48,5.74839284517e-05
50,47,5.62863466089e-05
57,47,5.62863466089e-05
T1,47,5.62863466089e-05
T7,45,5.38911829234e-05
36,44,5.26936010807e-05
X1,43,5.1496019238e-05
X6,42,5.02984373952e-05
R6,42,5.02984373952e-05
66,41,4.91008555525e-05
45,40,4.79032737097e-05
72,40,4.79032737097e-05
73,40,4.79032737097e-05
Q9,40,4.79032737097e-05
86,40,4.79032737097e-05
V5,39,4.6705691867e-05
62,39,4.6705691867e-05
Z2,38,4.55081100242e-05
X8,36,4.31129463388e-05
P5,36,4.31129463388e-05
U2,35,4.1915364496e-05
Q6,34,4.07177826533e-05
41,33,3.95202008105e-05
Q8,33,3.95202008105e-05
T9,32,3.83226189678e-05
AP,32,3.83226189678e-05
71,31,3.7125037125e-05
Y2,31,3.7125037125e-05
T8,29,3.47298734396e-05
84,29,3.47298734396e-05
85,29,3.47298734396e-05
46,29,3.47298734396e-05
74,29,3.47298734396e-05
80,29,3.47298734396e-05
R4,28,3.35322915968e-05
X2,27,3.23347097541e-05
76,26,3.11371279113e-05
49,26,3.11371279113e-05
82,26,3.11371279113e-05
U1,25,2.99395460686e-05
U6,25,2.99395460686e-05
V6,25,2.99395460686e-05
65,25,2.99395460686e-05
63,25,2.99395460686e-05
43,24,2.87419642258e-05
Q7,24,2.87419642258e-05
75,24,2.87419642258e-05
87,23,2.75443823831e-05
O9,22,2.63468005403e-05
91,22,2.63468005403e-05
S1,20,2.39516368549e-05
I8,19,2.27540550121e-05
L4,19,2.27540550121e-05
F1,19,2.27540550121e-05
90,17,2.03588913266e-05
70,16,1.91613094839e-05
S7,16,1.91613094839e-05
R2,16,1.91613094839e-05
64,14,1.67661457984e-05
79,13,1.55685639557e-05
P1,12,1.43709821129e-05
R7,12,1.43709821129e-05
T3,11,1.31734002702e-05
M6,10,1.19758184274e-05
H1,9,1.07782365847e-05
88,9,1.07782365847e-05
69,8,9.58065474195e-06
NT,7,8.3830728992e-06
H6,6,7.18549105646e-06
E8,6,7.18549105646e-06
YT,6,7.18549105646e-06
S3,6,7.18549105646e-06
W8,5,5.98790921372e-06
89,5,5.98790921372e-06
R9,5,5.98790921372e-06
67,4,4.79032737097e-06
F3,4,4.79032737097e-06
S4,3,3.59274552823e-06
NU,3,3.59274552823e-06
92,3,3.59274552823e-06
93,3,3.59274552823e-06
M8,2,2.39516368549e-06
U5,2,2.39516368549e-06
S2,2,2.39516368549e-06
T4,1,1.19758184274e-06
O5,1,1.19758184274e-06
G3,1,1.19758184274e-06
AA,1,1.19758184274e-06
NI,1,1.19758184274e-06
W3,1,1.19758184274e-06
