25000,222341,0.278260510438
35000,113794,0.142413574306
100000,105190,0.131645639324
15000,93822,0.117418549032
45000,63099,0.078968611044
55000,43174,0.0540324064282
75000,32881,0.0411506822571
65000,32052,0.0401131859646
85000,23695,0.0296543723147
300000,21213,0.0265481409543
8500,8609,0.0107741924987
9500,8353,0.0104538076364
6500,6046,0.00756658936548
7500,5671,0.00709727560232
5500,5183,0.00648654195853
5000000,3450,0.00431768662105
500000,3258,0.00407739797432
4500,2494,0.00312124940084
700000,1960,0.00245294660211
3500,1318,0.00164948143958
900000,630,0.000788447122105
2500,484,0.000605727630316
875,260,0.00032539087579
1375,42,5.25631414737e-05
625,19,2.3778564e-05
1875,1,1.25150336842e-06
None,0,0.0
