0,223564,0.253573397274
501,56702,0.0643132113051
803,31399,0.0356137441672
602,23058,0.0261531167556
511,22699,0.0257459275407
504,22101,0.0250676569266
807,21000,0.0238188677191
506,18910,0.0214483232651
623,16738,0.0189847718039
524,14744,0.0167231136024
618,14674,0.0166437173767
613,10934,0.0124016904591
753,10877,0.0123370392467
819,10787,0.012234958385
505,10427,0.0118266349384
539,9733,0.0110394780719
534,9302,0.0105506241678
751,9219,0.0104564829287
510,9193,0.010426992902
528,8341,0.00946062741166
560,7986,0.00905797512403
609,6858,0.00777856165797
616,6788,0.00769916543224
825,6697,0.0075959503388
508,6675,0.00757099723928
517,6634,0.00752449373564
512,6600,0.00748592985457
535,6461,0.0073282716349
770,6453,0.00731919778054
862,6135,0.00695851206936
533,6036,0.00684622312154
820,5966,0.00676682689581
617,5298,0.00600916005599
515,5163,0.00585603876351
527,5063,0.00574261558389
635,5057,0.00573581019311
659,4663,0.00528892286543
839,4553,0.00516415736786
641,4449,0.00504619726106
548,3977,0.00451083985328
566,3861,0.00437926896492
514,3769,0.00427491963968
567,3663,0.00415469106929
521,3630,0.00411726142001
532,3621,0.00410705333385
544,3580,0.00406054983021
556,3491,0.00395960320035
563,3396,0.00385185117971
518,3309,0.00375317301345
630,3166,0.0035909778666
622,3158,0.00358190401223
529,3081,0.00349456816393
650,3064,0.00347528622339
542,3054,0.00346394390543
561,2910,0.00330061452679
790,2890,0.00327792989086
571,2861,0.00324503716878
538,2796,0.00317131210203
640,2759,0.00312934552557
555,2742,0.00311006358503
500,2634,0.00298756655105
577,2611,0.00296147921974
652,2574,0.00291951264328
541,2544,0.0028854856894
671,2453,0.00278227059595
679,2390,0.00271081399279
789,2362,0.0026790555025
669,2279,0.00258491426342
744,2259,0.0025622296275
557,2229,0.00252820267361
686,2224,0.00252253151463
678,2196,0.00249077302434
693,2187,0.00248056493817
658,2155,0.0024442695207
546,2059,0.00233538326827
547,1984,0.00225031588356
513,1887,0.00214029539933
625,1829,0.00207450995515
573,1799,0.00204048300127
881,1770,0.00200759027918
564,1765,0.0020019191202
752,1760,0.00199624796122
866,1760,0.00199624796122
637,1759,0.00199511372942
523,1728,0.00195995254374
648,1668,0.00189189863597
619,1650,0.00187148246364
757,1639,0.00185900591388
675,1602,0.00181703933743
716,1590,0.00180342855587
588,1576,0.00178754931073
722,1575,0.00178641507893
575,1533,0.00173877734349
543,1523,0.00172743502553
551,1489,0.00168887114446
574,1476,0.00167412613111
682,1455,0.00165030726339
507,1418,0.00160834068694
519,1337,0.00151646791145
724,1327,0.00150512559349
604,1315,0.00149151481193
612,1294,0.00146769594421
691,1285,0.00145748785805
811,1282,0.00145408516266
725,1257,0.00142572936776
530,1250,0.00141778974518
702,1225,0.00138943395028
545,1222,0.00138603125489
632,1221,0.0013848970231
670,1216,0.00137922586411
531,1161,0.00131684311533
718,1140,0.00129302424761
855,1131,0.00128281616144
509,1119,0.00126920537989
636,1116,0.0012658026845
801,1110,0.00125899729372
570,1076,0.00122043341265
649,1074,0.00121816494906
810,1053,0.00119434608134
765,1035,0.00117392990901
520,1011,0.0011467083459
536,1001,0.00113536602794
709,973,0.00110360753765
605,965,0.00109453368328
550,951,0.00107865443814
503,934,0.0010593724976
642,909,0.0010310167027
828,895,0.00101513745755
522,885,0.00100379513959
800,875,0.000992452821628
698,855,0.000969768185706
687,853,0.000967499722113
502,835,0.000947083549783
705,821,0.000931204304637
516,818,0.000927801609248
611,814,0.000923264682063
592,803,0.000910788132306
610,797,0.000903982741529
804,793,0.000899445814344
540,773,0.000876761178421
634,738,0.000837063065556
584,738,0.000837063065556
743,718,0.000814378429633
868,698,0.00079169379371
600,694,0.000787156866526
624,675,0.000765606462399
633,665,0.000754264144438
576,657,0.000745190290068
676,633,0.000717968726961
526,611,0.000693015627446
651,605,0.000686210236669
525,603,0.000683941773077
813,600,0.000680539077688
656,587,0.000665794064338
762,568,0.000644243660211
692,555,0.000629498646861
628,550,0.000623827487881
627,548,0.000621559024288
764,524,0.000594337461181
569,506,0.00057392128885
581,506,0.00057392128885
582,493,0.0005591762755
746,483,0.000547833957539
673,479,0.000543297030354
758,472,0.000535357407781
603,472,0.000535357407781
736,458,0.000519478162635
598,453,0.000513807003654
537,452,0.000512672771858
773,437,0.000495659294916
606,436,0.00049452506312
554,433,0.000491122367732
549,426,0.000483182745159
756,423,0.00047978004977
559,413,0.000468437731809
662,404,0.000458229645643
565,403,0.000457095413847
759,395,0.000448021559478
644,387,0.000438947705109
657,374,0.000424202691759
553,367,0.000416263069186
643,353,0.00040038382404
737,353,0.00040038382404
717,348,0.000394712665059
734,311,0.000352746088602
710,309,0.000350477625009
754,303,0.000343672234232
771,292,0.000331195684475
767,276,0.000313047975737
597,270,0.00030624258496
821,250,0.000283557949037
755,248,0.000281289485444
639,239,0.000271081399279
760,207,0.000234785981802
661,200,0.000226846359229
647,199,0.000225712127433
749,187,0.000212101345879
558,176,0.000199624796122
802,172,0.000195087868937
638,165,0.000187148246364
631,162,0.000183745550976
711,146,0.000165597842237
745,141,0.000159926683257
596,140,0.000158792451461
626,140,0.000158792451461
766,128,0.000145181669907
552,114,0.000129302424761
740,111,0.000125899729372
747,78,8.84700800994e-05
583,66,7.48592985457e-05
798,18,2.04161723306e-05
None,0,0.0
