0,175430,0.19863223089
1,175060,0.198213294987
2,160264,0.181460387912
3,140563,0.159153749476
4,96326,0.109065999389
5,67109,0.0759847824364
6,39285,0.0444808025453
7,12934,0.0146446404511
8,6491,0.00734949444627
9,3829,0.00433542046445
10,2322,0.00262910585491
11,1773,0.00200749555588
12,824,0.000932981578143
13,336,0.000380439090117
14,93,0.0001053001053
16,82,9.28452541356e-05
15,74,8.37871805614e-05
17,51,5.77452190355e-05
18,41,4.64226270678e-05
19,31,3.51000351e-05
24,31,3.51000351e-05
20,22,2.49097023291e-05
22,21,2.37774431323e-05
32,15,1.69838879516e-05
21,14,1.58516287549e-05
25,12,1.35871103613e-05
27,12,1.35871103613e-05
23,11,1.24548511645e-05
40,8,9.0580735742e-06
26,8,9.0580735742e-06
36,6,6.79355518065e-06
29,6,6.79355518065e-06
28,5,5.66129598388e-06
30,5,5.66129598388e-06
31,4,4.5290367871e-06
37,4,4.5290367871e-06
42,4,4.5290367871e-06
45,4,4.5290367871e-06
48,4,4.5290367871e-06
43,3,3.39677759033e-06
47,3,3.39677759033e-06
56,3,3.39677759033e-06
38,3,3.39677759033e-06
33,2,2.26451839355e-06
51,2,2.26451839355e-06
41,2,2.26451839355e-06
44,2,2.26451839355e-06
49,2,2.26451839355e-06
62,2,2.26451839355e-06
63,2,2.26451839355e-06
77,2,2.26451839355e-06
88,2,2.26451839355e-06
92,2,2.26451839355e-06
34,1,1.13225919678e-06
239,1,1.13225919678e-06
39,1,1.13225919678e-06
36846,1,1.13225919678e-06
3049,1,1.13225919678e-06
53,1,1.13225919678e-06
65,1,1.13225919678e-06
72,1,1.13225919678e-06
1275,1,1.13225919678e-06
277,1,1.13225919678e-06
79,1,1.13225919678e-06
80,1,1.13225919678e-06
90,1,1.13225919678e-06
98,1,1.13225919678e-06
310,1,1.13225919678e-06
118,1,1.13225919678e-06
523,1,1.13225919678e-06
1342,1,1.13225919678e-06
563,1,1.13225919678e-06
168,1,1.13225919678e-06
595,1,1.13225919678e-06
199,1,1.13225919678e-06
426,1,1.13225919678e-06
10632,1,1.13225919678e-06
35,1,1.13225919678e-06
50,1,1.13225919678e-06
261,1,1.13225919678e-06
66,1,1.13225919678e-06
67,1,1.13225919678e-06
69,1,1.13225919678e-06
76,1,1.13225919678e-06
87,1,1.13225919678e-06
3487,1,1.13225919678e-06
37693,1,1.13225919678e-06
299,1,1.13225919678e-06
99,1,1.13225919678e-06
116,1,1.13225919678e-06
120,1,1.13225919678e-06
1149,1,1.13225919678e-06
1765,1,1.13225919678e-06
20970,1,1.13225919678e-06
9375,1,1.13225919678e-06
188,1,1.13225919678e-06
397,1,1.13225919678e-06
