2,265022,0.436220765348
3,162402,0.267310354363
1,78672,0.129492495157
4,55490,0.0913353995862
5,27496,0.0452578509105
6,6362,0.0104717212501
7,3041,0.00500542350228
8,1558,0.00256443598045
9,1305,0.00214800318003
11,896,0.00147479758568
10,880,0.0014484619145
14,792,0.00130361572305
12,735,0.0012097948945
41,393,0.000646869923182
33,284,0.000467458163317
16,283,0.000465812183869
29,228,0.000375283314213
15,191,0.000314382074625
13,190,0.000312736095177
17,147,0.0002419589789
26,143,0.000235375061107
40,120,0.000197517533796
21,111,0.000182703718761
39,99,0.000162951965382
36,73,0.000120156499726
19,68,0.000111926602484
1000,54,8.88828902082e-05
30,37,6.09012395871e-05
23,36,5.92552601388e-05
37,34,5.59633012422e-05
24,34,5.59633012422e-05
28,31,5.10253628973e-05
25,28,4.60874245524e-05
20,27,4.44414451041e-05
60,26,4.27954656558e-05
22,23,3.78575273109e-05
18,23,3.78575273109e-05
46,21,3.45655684143e-05
51,20,3.2919588966e-05
31,19,3.12736095177e-05
38,17,2.79816506211e-05
65,17,2.79816506211e-05
32,14,2.30437122762e-05
43,12,1.97517533796e-05
42,11,1.81057739313e-05
34,10,1.6459794483e-05
35,8,1.31678355864e-05
27,8,1.31678355864e-05
52,7,1.15218561381e-05
61,6,9.8758766898e-06
66,6,9.8758766898e-06
64,6,9.8758766898e-06
134,5,8.2298972415e-06
102,4,6.5839177932e-06
47,3,4.9379383449e-06
90,3,4.9379383449e-06
48,2,3.2919588966e-06
136,2,3.2919588966e-06
55,2,3.2919588966e-06
45,1,1.6459794483e-06
108,1,1.6459794483e-06
117,1,1.6459794483e-06
75,1,1.6459794483e-06
None,0,0.0
