CA,73002,0.082657185883
TX,52172,0.0590722268142
NY,50722,0.0574304509788
FL,41284,0.0467441886797
ZZ,39366,0.0445725155403
IL,29010,0.0328468392985
PA,28400,0.0321561611884
OH,26642,0.0301656495205
NJ,24067,0.0272500820888
NC,21307,0.0241250467057
VA,21030,0.0238114109082
GA,20112,0.0227719969655
MI,19040,0.0215582151066
MA,18947,0.0214529150013
H9,17817,0.0201734621089
MD,14017,0.0158708771612
WA,13989,0.0158391739037
AZ,13604,0.0154032541129
MO,13318,0.0150794279827
MN,12719,0.0144012047238
WI,12380,0.0140173688561
CO,11987,0.0135723909917
TN,11212,0.0126948901142
IN,11185,0.0126643191159
CT,8601,0.00973856135146
SC,7910,0.00895617024649
LA,7840,0.00887691210272
07,7825,0.00885992821477
OR,7646,0.00865725381854
KY,7575,0.00857686341557
AL,7269,0.00823039210136
02,7009,0.0079360047102
UT,6372,0.00721475560185
OK,6348,0.00718758138113
KS,6223,0.00704604898153
IA,6141,0.0069532037274
NV,5908,0.00668938733455
ON,5768,0.006530871047
DE,5065,0.00573489283167
04,4388,0.00496835335545
AR,4235,0.00479511769834
DC,4227,0.00478605962477
NE,4152,0.00470114018501
MS,3444,0.00389950067369
NH,3222,0.00364813913201
NM,3183,0.00360398102334
ME,3093,0.00350207769563
WV,3077,0.00348396154848
05,2925,0.00331185815057
QC,2845,0.00322127741483
ID,2744,0.00310691923595
RI,2583,0.00292462550527
08,2488,0.00281706088158
01,2398,0.00271515755387
HI,2263,0.0025623025623
A7,2213,0.00250568960246
I2,2149,0.00243322501387
27,2089,0.00236528946206
00,1990,0.00225319580158
09,1863,0.00210939888359
06,1820,0.00206071173813
N7,1773,0.00200749555588
ND,1744,0.00197466003918
V2,1728,0.00195654389203
MT,1723,0.00195088259604
L9,1723,0.00195088259604
AB,1610,0.00182293730681
F8,1605,0.00181727601082
SD,1600,0.00181161471484
B7,1582,0.0017912340493
26,1581,0.0017901017901
H3,1569,0.00177651467974
F2,1547,0.00175160497741
21,1545,0.00174934045902
E4,1510,0.00170971138713
BC,1502,0.00170065331356
G5,1498,0.00169612427677
11,1476,0.00167121457444
H2,1466,0.00165989198247
J8,1446,0.00163724679854
null,1417,0.00160441128183
H8,1414,0.00160101450424
A8,1401,0.00158629513468
15,1377,0.00155912091396
16,1339,0.00151609506448
VT,1309,0.00148212728858
I9,1177,0.0013326690746
17,1177,0.0013326690746
18,1174,0.00132927229701
C3,1160,0.00131342066826
03,1132,0.00128171741075
K2,1126,0.00127492385557
U8,1097,0.00124208833886
12,1083,0.00122623671011
H4,1080,0.00122283993252
WY,1038,0.00117528504625
B4,982,0.00111187853123
P6,972,0.00110055593927
E6,971,0.00109942368007
14,970,0.00109829142087
20,961,0.0010881010881
AK,943,0.00106772042256
D9,939,0.00106319138577
13,933,0.00105639783059
J1,907,0.00102695909148
B9,897,0.00101563649951
10,889,0.00100657842593
I7,883,0.000999784870753
M4,858,0.000971478390833
M3,852,0.000964684835653
N5,835,0.000945436429307
28,804,0.000910336394207
R3,778,0.000880897655091
B6,774,0.000876368618304
H7,763,0.00086391376714
19,756,0.000855987952762
D4,732,0.00082881373204
C5,716,0.000810697584891
40,713,0.000807300807301
N4,696,0.000788052400956
X5,649,0.000734836218707
I6,648,0.00073370395951
K7,640,0.000724645885936
C8,628,0.000711058775575
Q3,619,0.000700868442804
B8,612,0.000692942628426
23,605,0.000685016814049
Q4,603,0.000682752295656
25,601,0.000680487777262
P3,584,0.000661239370917
29,582,0.000658974852523
N1,541,0.000612552225455
P8,526,0.000595568337504
K4,521,0.00058990704152
C7,515,0.000583113486339
T5,501,0.000567261857584
B2,501,0.000567261857584
V1,488,0.000552542488026
G6,487,0.00055141022883
C6,485,0.000549145710436
Z1,481,0.000544616673649
34,475,0.000537823118468
NS,466,0.000527632785697
MB,463,0.000524236008107
I3,463,0.000524236008107
D8,460,0.000520839230517
C9,455,0.000515177934533
30,449,0.000508384379352
A4,444,0.000502723083368
Q5,440,0.000498194046581
E2,440,0.000498194046581
J9,439,0.000497061787384
G1,429,0.000485739195417
N2,420,0.000475548862646
G8,419,0.000474416603449
K3,414,0.000468755307465
D3,410,0.000464226270678
H5,409,0.000463094011481
F9,406,0.000459697233891
44,401,0.000454035937907
M1,400,0.00045290367871
N6,397,0.00044950690112
F4,390,0.000441581086742
L3,389,0.000440448827546
G7,388,0.000439316568349
K6,387,0.000438184309152
56,387,0.000438184309152
B1,375,0.000424597198791
22,363,0.000411010088429
D7,362,0.000409877829233
P7,356,0.000403084274052
A2,353,0.000399687496462
51,343,0.000388364904494
D6,343,0.000388364904494
K8,340,0.000384968126904
D2,332,0.000375910053329
SK,328,0.000371381016542
A1,328,0.000371381016542
NB,327,0.000370248757346
A9,326,0.000369116498149
J7,326,0.000369116498149
K9,323,0.000365719720558
O8,318,0.000360058424575
P9,312,0.000353264869394
L7,308,0.000348735832607
L1,303,0.000343074536623
I1,302,0.000341942277426
M9,301,0.000340810018229
B5,295,0.000334016463049
A3,294,0.000332884203852
U3,292,0.000330619685458
K1,283,0.000320429352687
B3,282,0.000319297093491
I4,282,0.000319297093491
P2,279,0.0003159003159
N8,275,0.000311371279113
78,275,0.000311371279113
N3,266,0.000301180946342
X4,258,0.000292122872768
E5,252,0.000285329317587
24,246,0.000278535762407
A5,243,0.000275138984816
F6,242,0.00027400672562
D5,235,0.000266080911242
E7,234,0.000264948652045
O7,233,0.000263816392849
60,227,0.000257022837668
J5,221,0.000250229282487
L2,221,0.000250229282487
Y9,221,0.000250229282487
A6,211,0.00023890669052
Y6,205,0.000232113135339
C1,197,0.000223055061765
NL,194,0.000219658284174
V8,192,0.000217393765781
J3,190,0.000215129247387
N9,190,0.000215129247387
97,190,0.000215129247387
Z4,188,0.000212864728994
O2,182,0.000206071173813
M5,179,0.000202674396223
48,179,0.000202674396223
W9,175,0.000198145359436
K5,174,0.000197013100239
L6,173,0.000195880841042
J2,172,0.000194748581845
M2,171,0.000193616322649
AE,165,0.000186822767468
E3,165,0.000186822767468
35,164,0.000185690508271
J6,164,0.000185690508271
42,163,0.000184558249074
31,163,0.000184558249074
32,159,0.000180029212287
83,158,0.000178896953091
Y4,151,0.000170971138713
Q1,148,0.000167574361123
C2,146,0.000165309842729
M7,142,0.000160780805942
W1,141,0.000159648546745
F7,139,0.000157384028352
G2,138,0.000156251769155
U9,138,0.000156251769155
E9,137,0.000155119509958
W5,135,0.000152854991565
53,134,0.000151722732368
Y1,134,0.000151722732368
O1,132,0.000149458213974
Z5,130,0.000147193695581
P4,128,0.000144929177187
58,125,0.000141532399597
X7,124,0.0001404001404
U4,122,0.000138135622007
Y5,122,0.000138135622007
Z7,118,0.000133606585219
E1,116,0.000131342066826
52,114,0.000129077548432
O3,114,0.000129077548432
59,114,0.000129077548432
L5,113,0.000127945289236
77,109,0.000123416252449
W2,108,0.000122283993252
X3,106,0.000120019474858
73,98,0.000110961401284
86,98,0.000110961401284
55,94,0.000106432364497
ERROR,94,0.000106432364497
81,92,0.000104167846103
O4,90,0.00010190332771
D1,89,0.000100771068513
W6,87,9.85065501195e-05
S5,85,9.62420317259e-05
V3,82,9.28452541356e-05
Z3,81,9.17129949388e-05
S6,80,9.0580735742e-05
38,78,8.83162173485e-05
54,77,8.71839581517e-05
82,77,8.71839581517e-05
J4,77,8.71839581517e-05
Y7,74,8.37871805614e-05
T6,73,8.26549213646e-05
R8,72,8.15226621678e-05
W4,71,8.0390402971e-05
39,71,8.0390402971e-05
72,71,8.0390402971e-05
Q2,71,8.0390402971e-05
V7,68,7.69936253807e-05
Y8,68,7.69936253807e-05
57,67,7.58613661839e-05
O6,63,7.13323293968e-05
85,63,7.13323293968e-05
87,63,7.13323293968e-05
F5,63,7.13323293968e-05
98,62,7.02000702001e-05
S9,62,7.02000702001e-05
X9,62,7.02000702001e-05
PE,60,6.79355518065e-05
Z8,60,6.79355518065e-05
T9,60,6.79355518065e-05
99,60,6.79355518065e-05
66,59,6.68032926097e-05
68,59,6.68032926097e-05
Y3,59,6.68032926097e-05
47,59,6.68032926097e-05
Z6,58,6.5671033413e-05
61,56,6.34065150194e-05
W7,56,6.34065150194e-05
80,56,6.34065150194e-05
G9,53,6.00097374291e-05
T2,53,6.00097374291e-05
37,52,5.88774782323e-05
75,52,5.88774782323e-05
L8,51,5.77452190355e-05
AP,50,5.66129598388e-05
33,49,5.5480700642e-05
84,48,5.43484414452e-05
74,47,5.32161822484e-05
V4,46,5.20839230517e-05
T1,46,5.20839230517e-05
X8,45,5.09516638549e-05
36,45,5.09516638549e-05
65,45,5.09516638549e-05
U2,43,4.86871454613e-05
T7,43,4.86871454613e-05
71,42,4.75548862646e-05
45,41,4.64226270678e-05
Q6,39,4.41581086742e-05
X6,39,4.41581086742e-05
L4,39,4.41581086742e-05
Z2,37,4.18935902807e-05
V6,36,4.07613310839e-05
Q9,36,4.07613310839e-05
X1,36,4.07613310839e-05
T8,35,3.96290718871e-05
50,33,3.73645534936e-05
R6,33,3.73645534936e-05
V5,30,3.39677759033e-05
76,29,3.28355167065e-05
Q7,29,3.28355167065e-05
41,28,3.17032575097e-05
U6,27,3.05709983129e-05
Y2,27,3.05709983129e-05
S1,27,3.05709983129e-05
Q8,25,2.83064799194e-05
P1,23,2.60419615258e-05
X2,22,2.49097023291e-05
90,22,2.49097023291e-05
U1,21,2.37774431323e-05
91,21,2.37774431323e-05
M6,20,2.26451839355e-05
O9,20,2.26451839355e-05
P5,19,2.15129247387e-05
R2,19,2.15129247387e-05
43,18,2.0380665542e-05
49,18,2.0380665542e-05
79,17,1.92484063452e-05
46,16,1.81161471484e-05
63,16,1.81161471484e-05
S7,16,1.81161471484e-05
67,16,1.81161471484e-05
62,15,1.69838879516e-05
F1,15,1.69838879516e-05
88,15,1.69838879516e-05
R4,15,1.69838879516e-05
H6,13,1.47193695581e-05
70,13,1.47193695581e-05
R9,13,1.47193695581e-05
R7,12,1.35871103613e-05
T3,11,1.24548511645e-05
NT,11,1.24548511645e-05
89,10,1.13225919678e-05
YT,8,9.0580735742e-06
64,7,7.92581437743e-06
H1,7,7.92581437743e-06
I8,7,7.92581437743e-06
E8,7,7.92581437743e-06
T4,6,6.79355518065e-06
W8,6,6.79355518065e-06
S2,5,5.66129598388e-06
G3,4,4.5290367871e-06
W3,4,4.5290367871e-06
NU,3,3.39677759033e-06
F3,3,3.39677759033e-06
S3,3,3.39677759033e-06
AA,3,3.39677759033e-06
S4,3,3.39677759033e-06
O5,2,2.26451839355e-06
U5,2,2.26451839355e-06
M8,1,1.13225919678e-06
GU,1,1.13225919678e-06
93,1,1.13225919678e-06
C4,1,1.13225919678e-06
69,1,1.13225919678e-06
92,1,1.13225919678e-06
