25000,215031,0.250629689159
35000,125924,0.146770898046
100000,121589,0.141718232604
15000,98160,0.114410528193
45000,64737,0.0754543028079
55000,54256,0.0632381582889
75000,38578,0.0449646429974
65000,37553,0.0437699527835
85000,29861,0.0348045311977
300000,23424,0.0273018766544
9500,9147,0.0106612989138
8500,9095,0.0106006902396
7500,6486,0.00755976656336
6500,6076,0.00708189047779
5000000,4364,0.0050864664327
5500,3740,0.0043591623415
500000,3709,0.00432303024723
4500,2273,0.00264929839632
700000,1703,0.00198493408224
900000,840,0.000979063199695
3500,746,0.000869501365443
875,413,0.00048137273985
2500,151,0.000175998265659
450,33,3.84631971309e-05
1875,21,2.44765799924e-05
250,19,2.2145477136e-05
1125,13,1.51521685667e-05
1625,13,1.51521685667e-05
350,6,6.99330856925e-06
1375,2,2.33110285642e-06
None,0,0.0
