0,261832,0.282225927766
501,59215,0.0638272186466
803,31324,0.0337638064154
504,24834,0.0267683044477
511,24047,0.0259200055188
602,23152,0.0249552945387
807,21646,0.0233319931576
506,19033,0.0205154682513
623,17275,0.0186205387507
524,16409,0.0176870865621
618,14469,0.0155959811973
819,10889,0.0117371372768
539,10625,0.0114525744848
505,10465,0.0112801121867
613,10355,0.0111615443568
534,9869,0.0106376901262
753,9836,0.0106021197772
751,9602,0.0103498936662
510,9448,0.0101838987043
560,8733,0.00941320780952
528,8689,0.00936578067754
517,7209,0.00777050441989
535,6989,0.00753336875996
508,6752,0.00727790898087
609,6518,0.00702568286986
512,6478,0.00698256729533
616,6430,0.00693082860589
820,6008,0.00647595929459
533,5931,0.00639296181361
862,5827,0.00628086131983
770,5721,0.00616660504732
825,5584,0.00601893420456
515,5576,0.00601031108965
617,5246,0.00565460759977
659,4999,0.00538836892704
527,4933,0.00531722822906
635,4693,0.00505853478187
839,4294,0.00462845692592
544,4206,0.00453360266196
548,4201,0.00452821321514
641,4191,0.00451743432151
567,4145,0.0044678514108
566,4019,0.00433203735102
514,3852,0.00415202982735
556,3691,0.00397848963987
518,3530,0.00380494945238
532,3483,0.0037542886523
563,3362,0.00362386403935
521,3276,0.00353116555411
529,3157,0.00340289671987
630,3112,0.00335439169853
561,3069,0.00330804245591
542,3047,0.00328432888991
650,3002,0.00323582386857
571,2966,0.00319701985149
622,2832,0.00305258267681
640,2823,0.00304288167254
538,2727,0.00293940429366
790,2722,0.00293401484685
577,2704,0.00291461283831
500,2557,0.00275616310191
555,2479,0.00267208773157
541,2443,0.00263328371449
679,2382,0.00256753246333
671,2367,0.00255136412288
652,2356,0.00253950733989
557,2329,0.00251040432708
669,2275,0.00245219830146
789,2217,0.00238968071839
658,2108,0.00227219077779
686,2096,0.00225925610543
678,2084,0.00224632143308
693,2072,0.00223338676072
546,1984,0.00213853249675
564,1933,0.00208356013922
744,1930,0.00208032647113
573,1923,0.00207278124559
513,1876,0.00202212044551
547,1874,0.00201996466679
637,1765,0.00190247472619
625,1746,0.00188199482829
523,1730,0.00186474859847
752,1726,0.00186043704102
619,1716,0.00184965814739
866,1694,0.0018259445814
588,1657,0.00178606267495
575,1648,0.00177636167069
648,1640,0.00176773855578
574,1638,0.00176558277705
881,1578,0.00170090941526
716,1563,0.00168474107481
722,1524,0.00164270338964
757,1490,0.00160605515129
675,1486,0.00160174359383
691,1472,0.00158665314275
507,1466,0.00158018580657
551,1465,0.00157910791721
543,1415,0.00152521344904
682,1385,0.00149287676814
810,1334,0.00143790441062
519,1330,0.00143359285316
531,1278,0.00137754260627
632,1255,0.00135275115092
725,1254,0.00135167326155
612,1247,0.00134412803601
724,1238,0.00133442703174
545,1238,0.00133442703174
670,1237,0.00133334914238
811,1224,0.00131933658065
530,1213,0.00130747979766
718,1176,0.00126759789122
702,1162,0.00125250744013
604,1145,0.00123418332096
801,1140,0.00122879387414
570,1114,0.00120076875069
649,1098,0.00118352252088
855,1065,0.00114795217189
636,1057,0.00113932905699
509,1043,0.0011242386059
765,1007,0.00108543458882
520,979,0.00105525368665
536,969,0.00104447479302
550,958,0.00103261801002
503,955,0.00102938434193
605,946,0.00101968333766
828,913,0.000984112988675
522,869,0.00093668585669
709,859,0.000925906963057
698,849,0.000915128069425
642,849,0.000915128069425
592,837,0.000902193397065
687,835,0.000900037618339
584,831,0.000895726060886
540,828,0.000892492392796
705,819,0.000882791388526
610,819,0.000882791388526
502,777,0.000837520035269
804,767,0.000826741141636
516,751,0.000809494911823
743,745,0.000803027575644
611,741,0.00079871601819
634,727,0.000783625567105
800,711,0.000766379337292
633,700,0.000754522554296
624,696,0.000750210996843
868,688,0.000741587881937
600,663,0.000714640647855
576,649,0.000699550196769
692,648,0.000698472307405
656,633,0.000682303966956
526,633,0.000682303966956
651,632,0.000681226077593
525,617,0.000665057737144
676,612,0.000659668290327
813,606,0.000653200954148
762,551,0.000593917039167
628,538,0.000579904477445
673,506,0.00054541201782
603,498,0.000536788902913
559,482,0.000519542673101
569,480,0.000517386894374
764,476,0.000513075336921
582,472,0.000508763779468
581,467,0.000503374332652
736,465,0.000501218553925
758,463,0.000499062775199
627,463,0.000499062775199
537,456,0.000491517549656
606,456,0.000491517549656
549,454,0.000489361770929
598,454,0.000489361770929
746,450,0.000485050213476
565,445,0.00047966076666
657,420,0.000452713532578
554,415,0.000447324085761
773,413,0.000445168307035
756,408,0.000439778860218
662,408,0.000439778860218
553,404,0.000435467302765
644,395,0.000425766298496
759,390,0.000420376851679
710,324,0.000349236153703
737,323,0.000348158264339
643,311,0.00033522359198
771,308,0.00033198992389
717,302,0.000325522587711
754,292,0.000314743694078
597,289,0.000311510025988
734,283,0.000305042689808
821,255,0.000274861787636
639,244,0.00026300500464
767,235,0.000253304000371
802,209,0.000225278876926
749,200,0.000215577872656
647,196,0.000211266315203
760,192,0.00020695475775
755,190,0.000204798979023
558,187,0.000201565310933
661,180,0.00019402008539
631,170,0.000183241191758
711,158,0.000170306519398
638,151,0.000162761293855
745,144,0.000155216068312
766,114,0.000122879387414
740,104,0.000112100493781
626,100,0.000107788936328
596,99,0.000106711046965
552,93,0.000100243710785
747,83,8.94648171522e-05
583,54,5.82060256171e-05
798,13,1.40125617226e-05
None,0,0.0
