3,159291,0.171681419744
2,143678,0.154853965548
4,136779,0.147418328162
1,136345,0.146950569555
0,120286,0.129642423334
5,106690,0.114988861094
6,71149,0.0766833112567
7,23742,0.0255887668956
8,12253,0.0132060972442
9,6508,0.0070142235261
10,4682,0.00504618846792
11,3076,0.00331526606735
12,1510,0.00162745505907
13,811,0.000874083478744
14,205,0.000220945885503
15,167,0.000179990062824
16,116,0.00012502303765
17,86,9.26894934304e-05
18,64,6.89782276691e-05
19,63,6.79004428618e-05
20,48,5.17336707518e-05
21,44,4.74225315225e-05
22,35,3.77224682565e-05
24,32,3.44891138346e-05
23,26,2.80224049906e-05
25,15,1.61667721099e-05
26,13,1.40112024953e-05
31,9,9.70006326597e-06
27,8,8.62227845864e-06
30,8,8.62227845864e-06
28,8,8.62227845864e-06
29,7,7.54449365131e-06
33,6,6.46670884398e-06
36,6,6.46670884398e-06
42,6,6.46670884398e-06
37,4,4.31113922932e-06
39,4,4.31113922932e-06
38,3,3.23335442199e-06
58,3,3.23335442199e-06
32,3,3.23335442199e-06
55,3,3.23335442199e-06
40,2,2.15556961466e-06
76,2,2.15556961466e-06
56,2,2.15556961466e-06
69,2,2.15556961466e-06
35,1,1.07778480733e-06
43,1,1.07778480733e-06
45,1,1.07778480733e-06
46,1,1.07778480733e-06
48,1,1.07778480733e-06
53,1,1.07778480733e-06
65,1,1.07778480733e-06
67,1,1.07778480733e-06
74,1,1.07778480733e-06
77,1,1.07778480733e-06
79,1,1.07778480733e-06
80,1,1.07778480733e-06
119,1,1.07778480733e-06
34,1,1.07778480733e-06
41,1,1.07778480733e-06
47,1,1.07778480733e-06
49,1,1.07778480733e-06
51,1,1.07778480733e-06
61,1,1.07778480733e-06
63,1,1.07778480733e-06
66,1,1.07778480733e-06
70,1,1.07778480733e-06
78,1,1.07778480733e-06
87,1,1.07778480733e-06
98,1,1.07778480733e-06
118,1,1.07778480733e-06
194,1,1.07778480733e-06
205,1,1.07778480733e-06
210,1,1.07778480733e-06
