2,277133,0.432060328458
3,154080,0.240216269476
1,113606,0.17711584573
4,53545,0.0834785835222
5,24287,0.0378643077412
6,6641,0.0103535581879
7,3370,0.00525395137678
8,1553,0.00242118293417
9,1296,0.00202051067784
11,1054,0.00164322396176
10,792,0.00123475652535
12,579,0.000902681853756
18,531,0.000827848124947
15,377,0.000587756578352
32,270,0.00042093972455
13,264,0.000411585508448
14,218,0.000339869851673
26,192,0.000299334915235
17,179,0.000279067447016
16,178,0.000277508410999
39,158,0.000246327690662
33,149,0.000232296366511
29,95,0.000148108421601
24,89,0.0001387542055
23,77,0.000120045773297
28,65,0.000101337341095
41,48,7.48337288088e-05
42,44,6.85975847414e-05
36,43,6.70385487246e-05
30,43,6.70385487246e-05
22,40,6.2361440674e-05
43,37,5.76843326235e-05
20,29,4.52120444887e-05
19,28,4.36530084718e-05
45,26,4.05349364381e-05
21,23,3.58578283876e-05
27,23,3.58578283876e-05
60,22,3.42987923707e-05
25,21,3.27397563539e-05
40,17,2.65036122865e-05
37,16,2.49445762696e-05
65,15,2.33855402528e-05
38,15,2.33855402528e-05
56,14,2.18265042359e-05
53,12,1.87084322022e-05
46,12,1.87084322022e-05
51,11,1.71493961854e-05
61,11,1.71493961854e-05
52,10,1.55903601685e-05
1000,10,1.55903601685e-05
48,9,1.40313241517e-05
62,8,1.24722881348e-05
35,7,1.0913252118e-05
31,7,1.0913252118e-05
134,5,7.79518008425e-06
64,5,7.79518008425e-06
72,4,6.2361440674e-06
34,4,6.2361440674e-06
77,3,4.67710805055e-06
55,3,4.67710805055e-06
66,3,4.67710805055e-06
90,3,4.67710805055e-06
102,2,3.1180720337e-06
49,2,3.1180720337e-06
117,1,1.55903601685e-06
63,1,1.55903601685e-06
100,1,1.55903601685e-06
44,1,1.55903601685e-06
47,1,1.55903601685e-06
50,1,1.55903601685e-06
128,1,1.55903601685e-06
79,1,1.55903601685e-06
96,1,1.55903601685e-06
None,0,0.0
