CA,72289,0.0779119859371
NY,51863,0.0558971534625
TX,51661,0.0556794409315
FL,43782,0.0471875744345
ZZ,40430,0.0435748397603
PA,29386,0.0316717843482
IL,28937,0.0311878589697
OH,27621,0.0297694941633
NJ,25465,0.0274457901187
NC,23246,0.0250541856312
VA,22311,0.0240464568363
GA,21824,0.0235215756352
H9,19987,0.0215416849441
MI,19138,0.0206266456427
MA,18817,0.0202806767195
MD,14124,0.0152226326187
WA,14089,0.0151849101505
MO,12863,0.0138635459767
AZ,12371,0.0133332758515
CO,12212,0.0131619080671
WI,12170,0.0131166411052
MN,12029,0.0129646734474
TN,11857,0.0127792944605
07,11299,0.012177890538
IN,10915,0.011764021172
02,8957,0.00965371851925
CT,8469,0.00912775953328
SC,8088,0.00871712352168
OR,7963,0.00858240042077
KY,7792,0.00839809921871
ON,7671,0.00826768725703
LA,7407,0.00798315206789
AL,7296,0.00786351795428
DE,6931,0.0074701264996
OK,6099,0.0065734095399
IA,6092,0.00656586504625
KS,5838,0.00629210770519
04,5702,0.00614552897139
UT,5651,0.00609056194622
NV,5617,0.00605391726277
DC,4907,0.00528869004957
AR,4097,0.00441568435563
05,3979,0.00428850574837
NE,3924,0.00422922758396
MS,3554,0.00383044720525
NH,3349,0.00360950131975
08,3309,0.00356638992745
QC,3256,0.00350926733267
WV,3185,0.00343274461135
01,3150,0.00339502214309
27,3089,0.00332927726984
NM,3028,0.00326353239659
ME,2961,0.0031913208145
09,2942,0.00317084290316
06,2510,0.0027052398664
ID,2493,0.00268691752467
I2,2490,0.00268368417025
16,2340,0.00252201644915
A7,2328,0.00250908303146
RI,2323,0.00250369410743
A8,2274,0.00245088265187
00,2202,0.00237328214574
11,2168,0.00233663746229
AB,2070,0.00223101455117
15,2008,0.00216419189312
17,1964,0.0021167693616
BC,1963,0.00211569157679
HI,1929,0.00207904689334
V2,1907,0.00205533562758
N7,1817,0.00195833499492
26,1815,0.0019561794253
L9,1752,0.00188827898244
12,1712,0.00184516759015
H3,1689,0.00182037853958
ND,1670,0.00179990062824
03,1651,0.0017794227169
H8,1605,0.00172984461576
F2,1589,0.00171260005885
H2,1575,0.00169751107154
MT,1574,0.00169643328674
21,1566,0.00168781100828
F8,1558,0.00167918872982
SD,1555,0.0016759553754
E4,1517,0.00163499955272
J8,1502,0.00161883278061
18,1493,0.00160913271734
G5,1484,0.00159943265408
B7,1474,0.001588654806
10,1466,0.00158003252755
14,1364,0.0014700984772
29,1311,0.00141297588241
19,1310,0.0014118980976
VT,1298,0.00139896467991
34,1266,0.00136447556608
U8,1256,0.00135369771801
13,1248,0.00134507543955
I9,1211,0.00130519740168
C3,1202,0.00129549733841
20,1191,0.00128364170553
H4,1176,0.00126747493342
K2,1122,0.00120927455382
25,1084,0.00116831873115
B4,1066,0.00114891860461
P6,1027,0.00110688499713
B9,1017,0.00109610714905
J1,979,0.00105515132638
AK,977,0.00105299575676
40,964,0.00103898455427
WY,954,0.00102820670619
I7,942,0.0010152732885
E6,933,0.00100557322524
M4,914,0.000985095313899
28,878,0.000946295060836
B6,839,0.00090426145335
56,832,0.000896716959698
R3,832,0.000896716959698
23,830,0.000894561390084
M3,822,0.000885939111625
D9,800,0.000862227845864
N4,783,0.000843905504139
H7,776,0.000836361010488
N5,760,0.000819116453571
D4,752,0.000810494175112
X5,735,0.000792171833387
Q3,720,0.000776005061277
B8,718,0.000773849491663
K7,710,0.000765227213204
I6,703,0.000757682719553
Q4,676,0.000728582529755
C5,675,0.000727504744948
C8,661,0.000712415757645
P3,628,0.000676848859003
51,618,0.00066607101093
K4,609,0.000656370947664
T5,591,0.000636970821132
C7,576,0.000620804049022
V1,564,0.000607870631334
B2,550,0.000592781644031
N1,545,0.000587392719995
G6,530,0.000571225947885
30,529,0.000570148163077
P8,527,0.000567992593463
NS,520,0.000560448099811
C9,511,0.000550748036546
MB,508,0.000547514682124
I3,507,0.000546436897316
F9,498,0.00053673683405
C6,495,0.000533503479628
Z1,490,0.000528114555592
E2,467,0.000503325505023
G1,465,0.000501169935408
D8,458,0.000493625441757
K3,452,0.000487158732913
N6,447,0.000481769808876
G8,446,0.000480692024069
K6,445,0.000479614239262
N2,445,0.000479614239262
A9,444,0.000478536454454
M1,439,0.000473147530418
Q5,436,0.000469914175996
J9,433,0.000466680821574
H5,422,0.000454825188693
D3,422,0.000454825188693
A4,422,0.000454825188693
22,416,0.000448358479849
G7,415,0.000447280695042
F4,413,0.000445125125427
48,411,0.000442969555813
B5,402,0.000433269492547
B1,401,0.000432191707739
P7,399,0.000430036138125
A2,394,0.000424647214088
NB,394,0.000424647214088
L3,390,0.000420336074859
60,389,0.000419258290051
35,384,0.000413869366015
A1,378,0.000407402657171
SK,374,0.000403091517941
K8,373,0.000402013733134
D2,369,0.000397702593905
A3,365,0.000393391454675
I1,364,0.000392313669868
D6,349,0.000376146897758
78,342,0.000368602404107
J7,340,0.000366446834492
D7,327,0.000352435631997
K1,323,0.000348124492768
E5,318,0.000342735568731
E7,318,0.000342735568731
K9,317,0.000341657783924
M9,315,0.000339502214309
U3,312,0.000336268859887
P9,312,0.000336268859887
L7,312,0.000336268859887
L1,305,0.000328724366236
B3,305,0.000328724366236
F6,293,0.000315790948548
O8,288,0.000310402024511
A5,287,0.000309324239704
X4,276,0.000297468606823
I4,274,0.000295313037208
N3,270,0.000291001897979
24,267,0.000287768543557
P2,264,0.000284535189135
L2,264,0.000284535189135
J5,259,0.000279146265098
Y9,253,0.000272679556254
N8,251,0.00027052398664
32,249,0.000268368417025
O7,247,0.00026621284741
V8,244,0.000262979492988
31,242,0.000260823923374
A6,233,0.000251123860108
68,222,0.000239268227227
NL,217,0.000233879303191
N9,216,0.000232801518383
53,215,0.000231723733576
D5,214,0.000230645948769
L6,214,0.000230645948769
AE,212,0.000228490379154
C1,212,0.000228490379154
Y6,209,0.000225257024732
52,208,0.000224179239925
Z4,206,0.00022202367031
59,205,0.000220945885503
K5,204,0.000219868100695
M5,203,0.000218790315888
J3,202,0.000217712531081
J6,194,0.000209090252622
E3,194,0.000209090252622
W1,192,0.000206934683007
55,187,0.000201545758971
J2,185,0.000199390189356
97,184,0.000198312404549
Y4,183,0.000197234619741
M7,179,0.000192923480512
58,173,0.000186456771668
W9,171,0.000184301202053
U9,169,0.000182145632439
O2,163,0.000175678923595
Z7,162,0.000174601138787
66,159,0.000171367784365
M2,158,0.000170289999558
38,157,0.000169212214751
81,157,0.000169212214751
Z5,157,0.000169212214751
C2,152,0.000163823290714
36,151,0.000162745505907
86,150,0.000161667721099
F7,148,0.000159512151485
O3,146,0.00015735658187
83,141,0.000151967657834
G2,140,0.000150889873026
W5,137,0.000147656518604
E9,135,0.00014550094899
42,133,0.000143345379375
73,132,0.000142267594568
Q1,132,0.000142267594568
W2,131,0.00014118980976
54,131,0.00014118980976
X3,131,0.00014118980976
X7,122,0.000131489746494
P4,120,0.00012933417688
Y1,120,0.00012933417688
Y5,118,0.000127178607265
57,118,0.000127178607265
O1,118,0.000127178607265
71,116,0.00012502303765
45,115,0.000123945252843
O4,115,0.000123945252843
O6,113,0.000121789683228
L5,112,0.000120711898421
W4,110,0.000118556328806
77,110,0.000118556328806
E1,106,0.000114245189577
Q2,105,0.00011316740477
V7,104,0.000112089619962
47,101,0.00010885626554
D1,100,0.000107778480733
33,97,0.000104545126311
Z8,97,0.000104545126311
72,96,0.000103467341504
41,95,0.000102389556696
44,95,0.000102389556696
ERROR,89,9.59228478524e-05
39,88,9.4845063045e-05
Z3,88,9.4845063045e-05
61,88,9.4845063045e-05
R8,87,9.37672782377e-05
82,83,8.94561390084e-05
S5,83,8.94561390084e-05
U4,83,8.94561390084e-05
Y7,81,8.73005693937e-05
84,81,8.73005693937e-05
65,80,8.62227845864e-05
V3,79,8.51449997791e-05
W7,79,8.51449997791e-05
G9,78,8.40672149717e-05
S6,78,8.40672149717e-05
J4,77,8.29894301644e-05
PE,76,8.19116453571e-05
F5,74,7.97560757424e-05
98,71,7.65227213204e-05
V4,70,7.54449365131e-05
Y8,67,7.22115820911e-05
W6,66,7.11337972838e-05
99,66,7.11337972838e-05
Z6,65,7.00560124764e-05
T6,65,7.00560124764e-05
50,65,7.00560124764e-05
X8,63,6.79004428618e-05
Y3,61,6.57448732471e-05
74,59,6.35893036325e-05
80,58,6.25115188251e-05
T1,57,6.14337340178e-05
S9,57,6.14337340178e-05
X9,54,5.82003795958e-05
L8,53,5.71225947885e-05
37,53,5.71225947885e-05
T9,53,5.71225947885e-05
75,53,5.71225947885e-05
T2,51,5.49670251738e-05
T7,50,5.38892403665e-05
87,50,5.38892403665e-05
X1,45,4.85003163298e-05
46,44,4.74225315225e-05
85,44,4.74225315225e-05
90,44,4.74225315225e-05
88,43,4.63447467152e-05
AP,42,4.52669619079e-05
U2,42,4.52669619079e-05
76,41,4.41891771005e-05
R6,41,4.41891771005e-05
X6,40,4.31113922932e-05
91,40,4.31113922932e-05
43,40,4.31113922932e-05
Q9,37,3.98780378712e-05
Y2,37,3.98780378712e-05
T8,34,3.66446834492e-05
70,34,3.66446834492e-05
Z2,33,3.55668986419e-05
Q7,33,3.55668986419e-05
L4,33,3.55668986419e-05
49,32,3.44891138346e-05
V6,32,3.44891138346e-05
S1,31,3.34113290272e-05
U6,31,3.34113290272e-05
62,28,3.01779746052e-05
Q6,28,3.01779746052e-05
Q8,28,3.01779746052e-05
X2,27,2.91001897979e-05
V5,26,2.80224049906e-05
79,26,2.80224049906e-05
S7,25,2.69446201832e-05
O9,24,2.58668353759e-05
63,21,2.26334809539e-05
67,20,2.15556961466e-05
P5,20,2.15556961466e-05
R2,19,2.04779113393e-05
U1,18,1.94001265319e-05
NT,18,1.94001265319e-05
YT,15,1.61667721099e-05
R4,14,1.50889873026e-05
F1,14,1.50889873026e-05
M6,14,1.50889873026e-05
W8,12,1.2933417688e-05
P1,11,1.18556328806e-05
93,11,1.18556328806e-05
69,9,9.70006326597e-06
R7,9,9.70006326597e-06
T3,8,8.62227845864e-06
I8,8,8.62227845864e-06
64,8,8.62227845864e-06
R9,8,8.62227845864e-06
E8,8,8.62227845864e-06
89,7,7.54449365131e-06
F3,7,7.54449365131e-06
S2,6,6.46670884398e-06
R5,5,5.38892403665e-06
G3,4,4.31113922932e-06
NU,4,4.31113922932e-06
T4,4,4.31113922932e-06
92,3,3.23335442199e-06
H6,3,3.23335442199e-06
W3,3,3.23335442199e-06
S3,3,3.23335442199e-06
M8,2,2.15556961466e-06
AA,2,2.15556961466e-06
null,2,2.15556961466e-06
H1,2,2.15556961466e-06
S4,2,2.15556961466e-06
G4,1,1.07778480733e-06
O5,1,1.07778480733e-06
C4,1,1.07778480733e-06
