25000,264414,0.293273262082
35000,138214,0.153299260423
100000,120917,0.134114392699
15000,93154,0.103321221478
45000,61054,0.0677176917378
55000,51546,0.0571719484115
75000,35293,0.0391450272628
65000,34304,0.0380480836206
85000,29793,0.033044734005
300000,24976,0.0277019862555
8500,7768,0.00861583236838
9500,6661,0.00738800970723
7500,6297,0.00698428120799
500000,5789,0.00642083593982
5500,5380,0.00596719595029
6500,5085,0.00563999840283
700000,3244,0.00359806387783
4500,2619,0.00290484873491
900000,2159,0.00239464238972
3500,1172,0.00129991703601
5000000,1020,0.00113132711325
875,376,0.000417038229983
2500,291,0.000322760970546
1875,53,5.878464412e-05
1125,10,1.10914422868e-05
1625,3,3.32743268604e-06
1375,2,2.21828845736e-06
450,1,1.10914422868e-06
625,1,1.10914422868e-06
None,0,0.0
