0,199979,0.265177714246
501,51142,0.0678157139599
803,22748,0.0301644804888
504,22541,0.0298899927334
511,18995,0.0251878981398
602,18179,0.0241058594517
506,17752,0.0235396455793
807,15170,0.020115841789
623,13661,0.0181148658325
524,13560,0.0179809370243
618,11004,0.0145916099569
819,9163,0.0121503927694
505,8868,0.0117592145672
753,8776,0.0116372200092
539,8612,0.0114197514493
534,8560,0.0113507980035
613,8428,0.0111757623334
751,8242,0.0109291211618
510,8105,0.0107474553526
560,6749,0.00894936165022
528,6607,0.00876106570203
616,6553,0.0086894602006
508,5974,0.007921690102
512,5931,0.00786467090642
535,5917,0.00784610651716
533,5833,0.00773472018161
517,5672,0.00752122970514
609,5636,0.0074734927042
825,4858,0.00644184307257
820,4760,0.00631189234776
862,4664,0.00618459367856
770,4545,0.00602679636987
515,4518,0.00599099361915
617,4289,0.005687333252
659,4122,0.00546588660871
527,4044,0.00536245643999
635,3723,0.00493680151485
566,3705,0.00491293301438
839,3633,0.00481745901248
641,3597,0.00476972201153
544,3518,0.004664965815
514,3493,0.0046318151199
521,3433,0.00455225345165
548,3424,0.00454031920141
567,3316,0.00439710819856
532,3197,0.00423931088987
556,3131,0.0041517930548
518,2840,0.00376591896379
563,2823,0.00374337649112
500,2797,0.00370889976821
529,2631,0.00348877915272
577,2628,0.00348480106931
571,2495,0.00330843937136
542,2448,0.00324611606456
561,2445,0.00324213798115
538,2435,0.00322887770311
630,2426,0.00321694345287
650,2408,0.0031930749524
555,2279,0.00302201736566
790,2267,0.00300610503201
640,2069,0.00274355152679
652,2032,0.00269448849803
541,2028,0.00268918438682
669,2000,0.0026520556083
622,1961,0.00260034052394
679,1919,0.00254464735617
557,1873,0.00248365007717
789,1848,0.00245049938207
658,1814,0.00240541443673
564,1807,0.0023961322421
671,1788,0.00237093771382
686,1751,0.00232187468507
744,1723,0.00228474590655
523,1716,0.00227546371192
547,1675,0.00222109657195
573,1655,0.00219457601587
678,1649,0.00218661984904
752,1623,0.00215214312614
693,1615,0.0021415349037
546,1587,0.00210440612519
619,1585,0.00210175406958
513,1539,0.00204075679059
625,1510,0.00200230198427
543,1414,0.00187500331507
810,1404,0.00186174303703
574,1400,0.00185643892581
637,1376,0.00182461425851
588,1362,0.00180604986925
881,1355,0.00179676767462
648,1297,0.00171985806198
551,1266,0.00167875120006
575,1259,0.00166946900543
507,1255,0.00166416489421
722,1230,0.00163101419911
866,1198,0.00158858130937
757,1185,0.00157134294792
682,1160,0.00153819225282
691,1159,0.00153686622501
675,1139,0.00151034566893
702,1134,0.00150371552991
545,1128,0.00149575936308
519,1102,0.00146128264017
632,1062,0.00140824152801
570,1043,0.00138304699973
531,1012,0.0013419401378
725,1008,0.00133663602658
716,994,0.00131807163733
801,988,0.0013101154705
811,987,0.0013087894427
670,960,0.00127298669198
509,958,0.00127033463638
536,955,0.00126635655296
612,954,0.00126503052516
649,927,0.00122922777445
530,916,0.0012146414686
724,892,0.0011828168013
550,862,0.00114303596718
520,839,0.00111253732768
765,829,0.00109927704964
718,808,0.00107143046575
855,806,0.00106877841015
503,789,0.00104623593748
636,775,0.00102767154822
604,769,0.00101971538139
605,749,0.000993194825309
522,745,0.000987890714092
709,728,0.000965348241422
610,728,0.000965348241422
502,725,0.000961370158009
576,714,0.000946783852164
516,710,0.000941479740947
687,703,0.000932197546318
743,699,0.000926893435102
828,684,0.000907003018039
804,684,0.000907003018039
705,654,0.000867222183915
592,646,0.000856613961482
584,641,0.000849983822461
698,634,0.000840701627832
540,630,0.000835397516615
642,627,0.000831419433203
624,613,0.000812855043945
600,599,0.000794290654686
611,592,0.000785008460057
868,576,0.000763792015191
526,556,0.000737271459108
634,552,0.000731967347891
800,543,0.000720033097654
656,531,0.000704120764004
525,527,0.000698816652788
676,521,0.000690860485963
633,498,0.000660361846467
651,483,0.000640471429405
627,482,0.000639145401601
598,453,0.00060069059528
549,453,0.00060069059528
565,452,0.000599364567476
813,452,0.000599364567476
692,448,0.00059406045626
628,440,0.000583452233826
569,439,0.000582126206022
559,435,0.000576822094806
762,432,0.000572844011393
537,430,0.000570191955785
603,417,0.000552953594331
764,401,0.000531737149465
581,401,0.000531737149465
582,385,0.000510520704598
736,379,0.000502564537773
773,379,0.000502564537773
673,376,0.000498586454361
758,369,0.000489304259732
554,363,0.000481348092907
756,362,0.000480022065103
606,351,0.000465435759257
746,344,0.000456153564628
662,330,0.00043758917537
553,311,0.000412394647091
657,305,0.000404438480266
759,296,0.000392504230029
737,292,0.000387200118812
644,283,0.000375265868575
754,276,0.000365983673946
734,263,0.000348745312492
597,259,0.000343441201275
717,256,0.000339463117863
643,225,0.000298356255934
821,225,0.000298356255934
771,225,0.000298356255934
767,207,0.000274487755459
710,206,0.000273161727655
639,182,0.000241337060355
631,175,0.000232054865726
661,169,0.000224098698902
749,169,0.000224098698902
638,166,0.000220120615489
558,160,0.000212164448664
802,155,0.000205534309643
647,151,0.000200230198427
755,147,0.00019492608721
596,147,0.00019492608721
760,142,0.000188295948189
711,128,0.000169731558931
745,101,0.000133928808219
766,97,0.000128624697003
552,92,0.000121994557982
740,88,0.000116690446765
747,74,9.81260575072e-05
626,67,8.88438628781e-05
583,49,6.49753624034e-05
798,7,9.28219462906e-06
None,0,0.0
