3,128864,0.170856856469
2,119985,0.159084460543
1,118272,0.156813245967
0,114253,0.151484576159
4,104341,0.138342556966
5,77007,0.102101238097
6,51439,0.0682014048914
7,19079,0.0252962655558
8,9449,0.0125281415817
9,4861,0.00644505198735
10,2819,0.00373762632222
11,2072,0.00274720175227
12,925,0.00122642935369
13,575,0.000762375003646
14,56,7.42486960073e-05
15,47,6.23158698632e-05
16,38,5.03830437192e-05
18,29,3.84502175752e-05
17,17,2.25397827165e-05
20,11,1.45845652871e-05
22,10,1.32586957156e-05
24,8,1.06069565725e-05
19,8,1.06069565725e-05
23,8,1.06069565725e-05
21,6,7.95521742935e-06
25,5,6.62934785779e-06
33,4,5.30347828623e-06
28,4,5.30347828623e-06
40,3,3.97760871468e-06
36,2,2.65173914312e-06
37,2,2.65173914312e-06
26,2,2.65173914312e-06
32,2,2.65173914312e-06
35,2,2.65173914312e-06
43,2,2.65173914312e-06
51,2,2.65173914312e-06
27,2,2.65173914312e-06
29,2,2.65173914312e-06
31,1,1.32586957156e-06
42,1,1.32586957156e-06
44,1,1.32586957156e-06
67,1,1.32586957156e-06
128,1,1.32586957156e-06
30,1,1.32586957156e-06
38,1,1.32586957156e-06
69,1,1.32586957156e-06
82,1,1.32586957156e-06
