2,236397,0.465906963269
3,124195,0.244771783496
1,63594,0.125335293689
4,45593,0.0898577231366
5,20987,0.0413625783666
6,6319,0.0124539063562
7,2585,0.00509469028816
9,1431,0.00282031017499
11,1213,0.00239066124547
12,945,0.00186246898349
8,721,0.00142099485407
15,584,0.00115098612313
10,468,0.000922365591822
14,404,0.000796230126273
26,310,0.000610968661249
13,220,0.000433590662822
39,165,0.000325192997117
16,149,0.00029365913073
28,139,0.000273950464238
17,102,0.000201028398218
33,86,0.00016949453183
18,60,0.000118251998951
29,57,0.000112339399004
24,48,9.46015991612e-05
52,45,8.86889992136e-05
41,40,7.88346659677e-05
36,37,7.29220660201e-05
1000,36,7.09511993709e-05
20,35,6.89803327217e-05
32,30,5.91259994757e-05
25,30,5.91259994757e-05
23,29,5.71551328266e-05
22,27,5.32133995282e-05
62,26,5.1242532879e-05
38,26,5.1242532879e-05
60,20,3.94173329838e-05
37,19,3.74464663346e-05
46,18,3.54755996854e-05
30,18,3.54755996854e-05
40,16,3.15338663871e-05
65,15,2.95629997379e-05
21,15,2.95629997379e-05
27,14,2.75921330887e-05
19,13,2.56212664395e-05
31,13,2.56212664395e-05
43,11,2.16795331411e-05
35,8,1.57669331935e-05
75,8,1.57669331935e-05
42,7,1.37960665443e-05
77,7,1.37960665443e-05
102,6,1.18251998951e-05
49,6,1.18251998951e-05
51,6,1.18251998951e-05
63,6,1.18251998951e-05
45,4,7.88346659677e-06
50,3,5.91259994757e-06
47,3,5.91259994757e-06
61,3,5.91259994757e-06
64,3,5.91259994757e-06
48,2,3.94173329838e-06
100,2,3.94173329838e-06
34,2,3.94173329838e-06
134,2,3.94173329838e-06
44,1,1.97086664919e-06
55,1,1.97086664919e-06
58,1,1.97086664919e-06
74,1,1.97086664919e-06
110,1,1.97086664919e-06
128,1,1.97086664919e-06
66,1,1.97086664919e-06
97,1,1.97086664919e-06
None,0,0.0
