CA,53387,0.0707841988168
NY,43687,0.0579232639727
TX,40376,0.0535333098212
FL,35487,0.0470511334859
ZZ,26819,0.0355584960396
PA,26416,0.0350241706023
NJ,24265,0.0321722251539
OH,23327,0.0309285594957
IL,22682,0.0300733736221
VA,18610,0.0246744327267
NC,18331,0.0243045151162
GA,18007,0.0238749333751
MA,17525,0.0232358642416
MI,16011,0.0212284977102
MD,12797,0.0169671529072
H9,12699,0.0168372176892
MO,11822,0.015674430075
WA,11787,0.01562802464
AZ,10824,0.0143512122425
CO,10651,0.0141218368067
WI,10347,0.0137187724569
MN,9664,0.0128132035395
IN,9383,0.0124406341899
TN,9335,0.0123769924505
07,8800,0.0116676522297
CT,8043,0.010663968964
02,7259,0.00962448721994
SC,6733,0.0089270798253
OR,6652,0.00881968439001
KY,6435,0.00853197069298
DE,6051,0.0080228367775
AL,5742,0.00761314307989
LA,5296,0.00702180525097
04,5020,0.00665586524922
IA,5009,0.00664128068394
ON,4878,0.00646759177006
KS,4870,0.00645698481349
OK,4807,0.00637345503048
NV,4690,0.00621832829061
UT,4506,0.00597436828944
NH,3393,0.0044986754563
NE,3275,0.00434222284685
AR,3275,0.00434222284685
ME,3141,0.00416455632427
WV,3041,0.00403196936711
05,2959,0.00392324806224
08,2687,0.00356261153878
MS,2562,0.00339687784233
DC,2517,0.00333721371161
NM,2499,0.00331334805932
01,2405,0.0031887163196
RI,2368,0.00313965914545
I2,2257,0.00299248762301
QC,2193,0.00290763197043
A7,2186,0.00289835088343
ID,2014,0.00267030131712
00,1976,0.0026199182734
09,1886,0.00250059001196
06,1818,0.00241043088109
V2,1772,0.0023494408808
HI,1723,0.0022844732718
L9,1677,0.0022234832715
H3,1593,0.00211211022749
H8,1521,0.00201664761834
BC,1495,0.00198217500948
F2,1467,0.00194505066148
16,1455,0.00192914022662
11,1447,0.00191853327005
27,1437,0.00190527457433
B7,1428,0.00189334174819
26,1425,0.00188936413947
N7,1420,0.00188273479161
03,1387,0.00183898109575
H2,1379,0.00182837413918
G5,1375,0.00182307066089
E4,1362,0.00180583435646
VT,1336,0.0017713617476
MT,1333,0.00176738413889
AB,1326,0.00175810305189
17,1326,0.00175810305189
A8,1322,0.0017527995736
15,1320,0.00175014783446
J8,1313,0.00174086674746
F8,1285,0.00170374239945
ND,1276,0.00169180957331
SD,1265,0.00167722500802
18,1167,0.00154728979001
I9,1136,0.00150618783329
C3,1123,0.00148895152886
12,1101,0.00145978239829
H4,1066,0.00141337696328
21,1064,0.00141072522414
13,1056,0.00140011826757
14,1031,0.00136697152828
U8,1025,0.00135901631085
10,1010,0.00133912826727
20,997,0.00132189196284
J1,982,0.00130200391927
B4,967,0.0012821158757
K2,953,0.0012635537017
E6,946,0.00125427261469
40,923,0.00122377761455
P6,882,0.00116941696211
AK,874,0.00115881000554
B9,871,0.00115483239683
I7,855,0.00113361848368
M4,834,0.00110577522268
M3,817,0.00108323543996
25,808,0.00107130261382
H7,785,0.00104080761367
N5,776,0.00102887478753
WY,771,0.00102224543967
28,747,0.000990424569954
N4,739,0.000979817613382
19,722,0.000957277830665
B8,721,0.000955951961094
I6,708,0.000938715656663
B6,703,0.000932086308806
X5,677,0.000897613699945
D4,664,0.000880377395515
R3,662,0.000877725656372
D9,651,0.000863141091085
34,638,0.000845904786654
C5,631,0.000836623699653
C8,630,0.000835297830082
Q4,608,0.000806128699508
Q3,604,0.000800825221221
29,571,0.00075707152536
K7,567,0.000751768047074
B2,536,0.000710666090355
23,532,0.000705362612069
C7,523,0.000693429785925
K4,518,0.000686800438067
N1,505,0.000669564133637
V1,493,0.000653653698778
T5,488,0.000647024350921
I3,485,0.000643046742206
P8,481,0.00063774326392
P3,479,0.000635091524777
Z1,471,0.000624484568204
30,466,0.000617855220346
NS,454,0.000601944785488
G8,450,0.000596641307201
C6,444,0.000588686089772
G1,433,0.000574101524485
D3,431,0.000571449785342
L3,430,0.00057012391577
Q5,429,0.000568798046199
G6,426,0.000564820437484
C9,425,0.000563494567912
J9,425,0.000563494567912
E2,419,0.000555539350483
K3,417,0.00055288761134
56,410,0.000543606524339
K6,409,0.000542280654767
51,406,0.000538303046053
G7,403,0.000534325437338
D8,400,0.000530347828623
A9,397,0.000526370219909
A1,391,0.000518415002479
P7,390,0.000517089132908
F9,386,0.000511785654622
N2,382,0.000506482176335
A2,379,0.000502504567621
A4,377,0.000499852828478
N6,372,0.00049322348062
D7,371,0.000491897611048
MB,368,0.000487920002334
H5,368,0.000487920002334
K8,367,0.000486594132762
M1,359,0.00047598717619
22,352,0.000466706089189
B1,349,0.000462728480474
F4,348,0.000461402610902
A3,343,0.000454773263045
NB,343,0.000454773263045
B5,342,0.000453447393473
I1,339,0.000449469784758
J7,333,0.000441514567329
D2,320,0.000424278262899
L7,318,0.000421626523756
M9,307,0.000407041958468
D6,304,0.000403064349754
O8,299,0.000396435001896
U3,296,0.000392457393181
K9,288,0.000381850436609
K1,280,0.000371243480036
P9,272,0.000360636523464
N3,271,0.000359310653892
F6,270,0.000357984784321
B3,264,0.000350029566891
J5,264,0.000350029566891
X4,263,0.00034870369732
48,263,0.00034870369732
O7,261,0.000346051958177
SK,260,0.000344726088605
E5,256,0.000339422610319
L1,252,0.000334119132033
24,245,0.000324838045032
P2,244,0.00032351217546
Y9,244,0.00032351217546
A6,238,0.000315556958031
N8,226,0.000299646523172
I4,223,0.000295668914458
78,223,0.000295668914458
60,222,0.000294343044886
Y6,218,0.0002890395666
D5,216,0.000286387827457
97,212,0.00028108434917
V8,211,0.000279758479599
J2,209,0.000277106740456
A5,207,0.000274455001313
L2,207,0.000274455001313
C1,206,0.000273129131741
Y4,199,0.00026384804474
J3,198,0.000262522175169
32,192,0.000254566957739
Z4,192,0.000254566957739
K5,192,0.000254566957739
E7,188,0.000249263479453
M5,187,0.000247937609881
NL,184,0.000243960001167
W1,181,0.000239982392452
J6,180,0.000238656522881
L6,179,0.000237330653309
U9,173,0.00022937543588
O2,169,0.000224071957593
35,167,0.00022142021845
53,165,0.000218768479307
E3,161,0.000213465001021
W9,158,0.000209487392306
N9,153,0.000202858044448
Z7,152,0.000201532174877
W5,145,0.000192251087876
31,142,0.000188273479161
Y1,141,0.00018694760959
E9,139,0.000184295870447
59,139,0.000184295870447
Q1,139,0.000184295870447
AE,137,0.000181644131304
M7,136,0.000180318261732
X3,134,0.000177666522589
58,133,0.000176340653017
73,132,0.000175014783446
Y5,128,0.000169711305159
M2,126,0.000167059566016
66,125,0.000165733696445
C2,125,0.000165733696445
Z5,124,0.000164407826873
42,124,0.000164407826873
X7,122,0.00016175608773
38,122,0.00016175608773
O1,122,0.00016175608773
83,122,0.00016175608773
G2,120,0.000159104348587
52,120,0.000159104348587
W2,119,0.000157778479015
55,117,0.000155126739872
P4,114,0.000151149131158
68,110,0.000145845652871
86,109,0.0001445197833
U4,108,0.000143193913728
O4,107,0.000141868044157
O3,107,0.000141868044157
E1,106,0.000140542174585
F7,102,0.000135238696299
L5,101,0.000133912826727
77,98,0.000129935218013
81,96,0.00012728347887
D1,94,0.000124631739726
47,94,0.000124631739726
44,93,0.000123305870155
J4,92,0.000121980000583
W4,91,0.000120654131012
99,89,0.000118002391869
33,86,0.000114024783154
V3,85,0.000112698913582
54,83,0.000110047174439
ERROR,83,0.000110047174439
Z6,83,0.000110047174439
PE,82,0.000108721304868
72,79,0.000104743696153
61,79,0.000104743696153
R8,77,0.00010209195701
F5,77,0.00010209195701
57,75,9.94402178669e-05
Z3,70,9.28108700091e-05
S6,69,9.14850004375e-05
65,68,9.0159130866e-05
W6,68,9.0159130866e-05
W7,68,9.0159130866e-05
71,68,9.0159130866e-05
Q2,68,9.0159130866e-05
Z8,68,9.0159130866e-05
74,66,8.75073917229e-05
98,65,8.61815221513e-05
37,63,8.35297830082e-05
41,62,8.22039134366e-05
G9,61,8.08780438651e-05
39,60,7.95521742935e-05
O6,60,7.95521742935e-05
Y7,58,7.69004351504e-05
V4,56,7.42486960073e-05
S9,56,7.42486960073e-05
82,54,7.15969568642e-05
84,54,7.15969568642e-05
T2,52,6.8945217721e-05
S5,52,6.8945217721e-05
T6,51,6.76193481495e-05
V7,51,6.76193481495e-05
Y8,51,6.76193481495e-05
36,50,6.62934785779e-05
85,50,6.62934785779e-05
80,49,6.49676090064e-05
87,49,6.49676090064e-05
T1,48,6.36417394348e-05
50,48,6.36417394348e-05
75,47,6.23158698632e-05
T7,46,6.09900002917e-05
Y3,45,5.96641307201e-05
L8,45,5.96641307201e-05
Q6,44,5.83382611486e-05
X9,42,5.56865220055e-05
AP,41,5.43606524339e-05
Q7,41,5.43606524339e-05
90,41,5.43606524339e-05
V6,40,5.30347828623e-05
45,39,5.17089132908e-05
R6,37,4.90571741477e-05
X8,37,4.90571741477e-05
76,35,4.64054350045e-05
X1,34,4.5079565433e-05
U2,33,4.37536958614e-05
Z2,33,4.37536958614e-05
46,33,4.37536958614e-05
L4,32,4.24278262899e-05
43,30,3.97760871468e-05
Q9,30,3.97760871468e-05
X2,30,3.97760871468e-05
T8,30,3.97760871468e-05
62,30,3.97760871468e-05
U1,29,3.84502175752e-05
V5,29,3.84502175752e-05
Q8,28,3.71243480036e-05
X6,27,3.57984784321e-05
88,26,3.44726088605e-05
S1,26,3.44726088605e-05
U6,25,3.3146739289e-05
T9,24,3.18208697174e-05
91,24,3.18208697174e-05
70,22,2.91691305743e-05
67,22,2.91691305743e-05
P5,21,2.78432610027e-05
Y2,21,2.78432610027e-05
R2,19,2.51915218596e-05
79,19,2.51915218596e-05
49,18,2.38656522881e-05
R4,17,2.25397827165e-05
S7,16,2.12139131449e-05
63,15,1.98880435734e-05
R9,14,1.85621740018e-05
T3,12,1.59104348587e-05
YT,11,1.45845652871e-05
F1,11,1.45845652871e-05
69,10,1.32586957156e-05
O9,10,1.32586957156e-05
P1,10,1.32586957156e-05
R7,10,1.32586957156e-05
NT,9,1.1932826144e-05
89,9,1.1932826144e-05
M6,8,1.06069565725e-05
64,5,6.62934785779e-06
E8,5,6.62934785779e-06
92,5,6.62934785779e-06
93,4,5.30347828623e-06
S4,4,5.30347828623e-06
H1,3,3.97760871468e-06
M8,3,3.97760871468e-06
U5,3,3.97760871468e-06
I8,3,3.97760871468e-06
S2,3,3.97760871468e-06
T4,2,2.65173914312e-06
AA,2,2.65173914312e-06
NU,2,2.65173914312e-06
F3,2,2.65173914312e-06
S3,2,2.65173914312e-06
W3,2,2.65173914312e-06
W8,2,2.65173914312e-06
G3,1,1.32586957156e-06
null,1,1.32586957156e-06
V9,1,1.32586957156e-06
O5,1,1.32586957156e-06
