25000,201422,0.274926293951
35000,114094,0.155729962874
100000,100462,0.137123280192
15000,75506,0.103060165975
45000,51289,0.0700057326927
55000,41094,0.0560903035597
65000,33499,0.0457236842105
75000,27836,0.0379941035161
300000,22003,0.0300324852588
85000,21768,0.0297117274514
8500,7672,0.0104717187159
9500,6299,0.00859767416466
6500,5861,0.00799983620878
7500,5703,0.00778417776807
500000,4623,0.00631005678096
5500,4383,0.00598247433938
700000,2439,0.00332905656257
900000,1921,0.00262202445949
4500,1901,0.00259472592269
5000000,1072,0.0014632015724
3500,1049,0.00143180825508
2500,387,0.00052822668705
875,303,0.000413572832496
1875,38,5.1867219917e-05
1125,9,1.22843415593e-05
1375,4,5.45970735969e-06
625,2,2.72985367984e-06
1625,1,1.36492683992e-06
None,0,0.0
