0,8904,0.166200022399
501,3538,0.0660394967708
803,2493,0.0465337663792
807,1752,0.0327024302833
602,1470,0.0274386829432
511,1273,0.0237615261134
504,1272,0.0237428603427
623,1190,0.0222122671445
506,1161,0.0216709597939
819,1028,0.0191884122895
618,1026,0.0191510807481
524,1021,0.0190577518946
753,955,0.0178258110277
505,754,0.0140739911151
751,740,0.0138126703252
613,734,0.0137006757009
539,700,0.0130660394968
534,655,0.0122260798148
510,628,0.0117221040057
820,555,0.0103595027439
528,542,0.0101168477246
770,514,0.00959420614477
825,512,0.00955687460335
862,492,0.00918355918916
560,462,0.00862358606787
517,424,0.0079142867809
535,412,0.00769029753239
616,409,0.00763430022026
609,405,0.00755963713742
508,405,0.00755963713742
839,380,0.00709299286968
515,355,0.00662634860193
512,346,0.00645835666555
533,333,0.00621570164632
635,331,0.0061783701049
617,329,0.00614103856348
527,295,0.00550640235935
659,287,0.00535707619368
641,276,0.00515175271587
566,253,0.00472243998955
548,252,0.00470377421884
514,238,0.0044424534289
563,236,0.00440512188748
567,224,0.00418113263897
532,220,0.00410646955613
561,216,0.00403180647329
790,215,0.00401314070258
630,213,0.00397580916116
810,210,0.00391981184903
521,207,0.0038638145369
538,204,0.00380781722477
518,202,0.00377048568335
622,196,0.0036584910591
529,194,0.00362115951768
744,193,0.00360249374697
544,190,0.00354649643484
789,182,0.00339717026916
652,180,0.00335983872774
571,180,0.00335983872774
542,179,0.00334117295703
650,176,0.0032851756449
556,176,0.0032851756449
671,173,0.00322917833277
640,165,0.0030798521671
669,161,0.00300518908426
555,160,0.00298652331355
881,159,0.00296785754284
757,158,0.00294919177213
866,158,0.00294919177213
541,156,0.00291186023071
500,154,0.00287452868929
679,151,0.00281853137716
577,151,0.00281853137716
686,148,0.00276253406503
564,147,0.00274386829432
678,143,0.00266920521148
658,141,0.00263187367006
557,136,0.00253854481652
693,132,0.00246388173368
547,131,0.00244521596297
513,128,0.00238921865084
619,126,0.00235188710942
752,119,0.00222122671445
551,118,0.00220256094374
588,117,0.00218389517303
637,116,0.00216522940232
722,114,0.0021278978609
648,111,0.00207190054877
716,111,0.00207190054877
675,106,0.00197857169523
682,105,0.00195990592452
811,101,0.00188524284168
855,98,0.00182924552955
801,98,0.00182924552955
546,97,0.00181057975884
573,97,0.00181057975884
625,97,0.00181057975884
725,94,0.00175458244671
530,93,0.001735916676
575,93,0.001735916676
519,91,0.00169858513458
604,91,0.00169858513458
670,88,0.00164258782245
765,87,0.00162392205174
507,86,0.00160525628103
523,86,0.00160525628103
691,84,0.00156792473961
724,84,0.00156792473961
509,80,0.00149326165677
543,80,0.00149326165677
612,77,0.00143726434464
636,77,0.00143726434464
702,77,0.00143726434464
574,76,0.00141859857394
545,75,0.00139993280323
828,74,0.00138126703252
632,73,0.00136260126181
570,70,0.00130660394968
743,68,0.00126927240826
868,67,0.00125060663755
649,67,0.00125060663755
531,66,0.00123194086684
804,66,0.00123194086684
705,64,0.00119460932542
718,64,0.00119460932542
610,64,0.00119460932542
592,62,0.001157277784
709,59,0.00110128047187
642,59,0.00110128047187
503,59,0.00110128047187
800,58,0.00108261470116
605,58,0.00108261470116
520,55,0.00102661738903
540,55,0.00102661738903
550,55,0.00102661738903
502,54,0.00100795161832
536,54,0.00100795161832
522,53,0.000989285847613
633,53,0.000989285847613
525,53,0.000989285847613
698,52,0.000970620076903
576,47,0.000877291223355
813,47,0.000877291223355
687,46,0.000858625452645
516,46,0.000858625452645
676,44,0.000821293911226
651,44,0.000821293911226
762,42,0.000783962369806
600,42,0.000783962369806
624,41,0.000765296599097
634,40,0.000746630828387
582,40,0.000746630828387
611,40,0.000746630828387
606,39,0.000727965057677
628,38,0.000709299286968
746,37,0.000690633516258
773,36,0.000671967745548
584,35,0.000653301974839
627,35,0.000653301974839
692,35,0.000653301974839
581,33,0.000615970433419
598,33,0.000615970433419
643,33,0.000615970433419
736,33,0.000615970433419
553,33,0.000615970433419
758,33,0.000615970433419
754,32,0.00059730466271
737,31,0.000578638892
656,30,0.00055997312129
673,30,0.00055997312129
759,30,0.00055997312129
657,28,0.000522641579871
526,28,0.000522641579871
771,28,0.000522641579871
662,28,0.000522641579871
760,27,0.000503975809161
565,26,0.000485310038451
756,25,0.000466644267742
764,25,0.000466644267742
717,25,0.000466644267742
549,25,0.000466644267742
537,24,0.000447978497032
559,23,0.000429312726322
569,23,0.000429312726322
734,23,0.000429312726322
710,21,0.000391981184903
554,21,0.000391981184903
767,19,0.000354649643484
755,19,0.000354649643484
603,19,0.000354649643484
644,17,0.000317318102064
749,16,0.000298652331355
597,16,0.000298652331355
821,16,0.000298652331355
558,14,0.000261320789935
766,14,0.000261320789935
711,13,0.000242655019226
639,13,0.000242655019226
802,13,0.000242655019226
631,10,0.000186657707097
661,10,0.000186657707097
745,10,0.000186657707097
638,9,0.000167991936387
647,8,0.000149326165677
747,8,0.000149326165677
596,7,0.000130660394968
626,7,0.000130660394968
740,6,0.000111994624258
552,5,9.33288535484e-05
583,1,1.86657707097e-05
798,1,1.86657707097e-05
None,0,0.0
