2,16144,0.419150482916
3,10647,0.276430574307
4,4868,0.126389033129
1,4039,0.104865510437
5,1582,0.0410738394433
6,513,0.0133191400976
7,199,0.00516668397549
9,169,0.00438778689376
11,57,0.00147990445529
8,51,0.00132412503894
15,43,0.00111641915048
12,37,0.000960639734136
10,24,0.000623117665386
26,22,0.00057119119327
14,22,0.00057119119327
13,19,0.000493301485097
29,15,0.000389448540866
39,10,0.000259632360577
17,8,0.000207705888462
16,5,0.000129816180289
18,5,0.000129816180289
1000,4,0.000103852944231
23,3,7.78897081732e-05
41,3,7.78897081732e-05
28,3,7.78897081732e-05
32,2,5.19264721155e-05
24,2,5.19264721155e-05
33,2,5.19264721155e-05
37,2,5.19264721155e-05
27,2,5.19264721155e-05
40,1,2.59632360577e-05
46,1,2.59632360577e-05
65,1,2.59632360577e-05
19,1,2.59632360577e-05
25,1,2.59632360577e-05
100,1,2.59632360577e-05
30,1,2.59632360577e-05
38,1,2.59632360577e-05
45,1,2.59632360577e-05
52,1,2.59632360577e-05
62,1,2.59632360577e-05
69,1,2.59632360577e-05
21,1,2.59632360577e-05
31,1,2.59632360577e-05
None,0,0.0
