CA,5923,0.110551169345
TX,3575,0.0667263937884
NY,2940,0.0548742930735
FL,2821,0.0526531907348
IL,1861,0.034735054221
PA,1763,0.0329059111186
OH,1751,0.0326819344122
NJ,1735,0.0323832988036
02,1475,0.0275304701644
GA,1393,0.0259999626705
MI,1363,0.0254400209045
WA,1306,0.024376131549
NC,1293,0.024133490117
ZZ,1245,0.0232375832913
07,1185,0.0221176997592
AZ,1170,0.0218377288762
MA,1147,0.0214084401889
VA,1086,0.0202698919312
04,940,0.0175448420031
CO,922,0.0172088769435
MN,849,0.0158463519794
WI,815,0.0152117513112
MO,815,0.0152117513112
OR,814,0.0151930865857
MD,759,0.0141665266812
IN,732,0.0136625790918
TN,656,0.0122440599511
UT,511,0.00953767474849
AL,499,0.00931369804207
LA,496,0.00925770386546
NV,486,0.00907105661011
KY,480,0.0089590682569
CT,476,0.00888440935476
SC,456,0.00851111484406
ON,456,0.00851111484406
08,451,0.00841779121638
IA,401,0.00748455493962
KS,388,0.00724191350766
OK,384,0.00716725460552
NE,300,0.00559941766056
05,300,0.00559941766056
AR,282,0.00526345260093
DC,275,0.00513279952218
ID,242,0.00451686357952
NM,240,0.00447953412845
MS,226,0.00421822797096
00,217,0.00405024544114
WV,210,0.00391959236239
DE,207,0.00386359818579
NH,205,0.00382626873472
BC,204,0.00380760400918
HI,193,0.0036022920283
AB,175,0.00326632696866
ME,173,0.00322899751759
RI,146,0.00272504992814
01,145,0.00270638520261
MT,138,0.00257573212386
QC,136,0.00253840267279
27,115,0.00214644343655
SD,107,0.00199712563227
40,104,0.00194113145566
ND,100,0.00186647255352
AK,87,0.00162383112156
E7,86,0.00160516639603
WY,68,0.00126920133639
VT,61,0.00113854825765
06,55,0.00102655990444
03,53,0.000989230453366
09,49,0.000914571551225
NS,46,0.00085857737462
15,45,0.000839912649084
D9,42,0.000783918472479
14,42,0.000783918472479
12,38,0.000709259570338
21,36,0.000671930119268
MB,35,0.000653265393732
30,31,0.000578606491592
25,29,0.000541277040521
11,28,0.000522612314986
SK,26,0.000485282863915
NB,25,0.00046661813838
F2,25,0.00046661813838
23,24,0.000447953412845
20,23,0.00042928868731
G2,21,0.000391959236239
26,20,0.000373294510704
34,19,0.000354629785169
NL,18,0.000335965059634
18,18,0.000335965059634
E9,18,0.000335965059634
22,18,0.000335965059634
13,17,0.000317300334099
19,15,0.000279970883028
16,14,0.000261306157493
24,14,0.000261306157493
44,12,0.000223976706423
10,12,0.000223976706423
28,10,0.000186647255352
B7,10,0.000186647255352
32,9,0.000167982529817
17,9,0.000167982529817
F7,8,0.000149317804282
AE,7,0.000130653078746
38,7,0.000130653078746
29,6,0.000111988353211
31,5,9.33236276761e-05
46,4,7.46589021408e-05
H9,4,7.46589021408e-05
B4,4,7.46589021408e-05
36,3,5.59941766056e-05
G1,3,5.59941766056e-05
53,3,5.59941766056e-05
81,3,5.59941766056e-05
33,3,5.59941766056e-05
35,3,5.59941766056e-05
ERROR,3,5.59941766056e-05
PE,3,5.59941766056e-05
F1,3,5.59941766056e-05
F5,3,5.59941766056e-05
H5,2,3.73294510704e-05
NT,2,3.73294510704e-05
F3,2,3.73294510704e-05
F9,2,3.73294510704e-05
47,2,3.73294510704e-05
L7,2,3.73294510704e-05
F4,2,3.73294510704e-05
37,1,1.86647255352e-05
39,1,1.86647255352e-05
YT,1,1.86647255352e-05
G3,1,1.86647255352e-05
A1,1,1.86647255352e-05
A4,1,1.86647255352e-05
B2,1,1.86647255352e-05
62,1,1.86647255352e-05
67,1,1.86647255352e-05
C6,1,1.86647255352e-05
70,1,1.86647255352e-05
41,1,1.86647255352e-05
42,1,1.86647255352e-05
45,1,1.86647255352e-05
50,1,1.86647255352e-05
51,1,1.86647255352e-05
AP,1,1.86647255352e-05
B6,1,1.86647255352e-05
C3,1,1.86647255352e-05
Q4,1,1.86647255352e-05
D7,1,1.86647255352e-05
F8,1,1.86647255352e-05
