25000,11484,0.220439189189
100000,8037,0.154272880835
35000,6525,0.125249539312
45000,5504,0.105651105651
15000,5122,0.0983184889435
55000,2896,0.0555896805897
65000,2737,0.0525376228501
75000,2548,0.0489097051597
85000,2067,0.0396767506143
300000,1855,0.0356073402948
500000,655,0.0125729422604
9500,529,0.0101543304668
5500,393,0.00754376535627
6500,381,0.00731342137592
8500,378,0.00725583538084
7500,304,0.00583538083538
5000000,205,0.00393504299754
4500,159,0.00305205773956
700000,142,0.00272573710074
3500,67,0.00128608722359
900000,44,0.000844594594595
1625,24,0.000460687960688
2500,19,0.000364711302211
625,16,0.000307125307125
1375,5,9.59766584767e-05
None,0,0.0
