0,179660,0.264535384516
501,46714,0.0687827337875
803,21928,0.032287275474
504,18543,0.0273031260997
807,16816,0.0247602528444
602,16546,0.0243626988322
511,16291,0.0239872311541
506,16236,0.0239062479294
623,12353,0.0181888322661
524,11090,0.0163291629427
618,10291,0.0151526975512
819,8830,0.0130014886189
539,8260,0.0121622079266
534,7867,0.0115835459756
505,7864,0.0115791287088
613,7741,0.01139802077
753,7728,0.0113788792805
510,6909,0.0101729654437
751,6676,0.00982989105548
528,5892,0.00867551199803
560,5441,0.00801144955555
533,5122,0.00754174685233
820,5060,0.00745045667177
535,5054,0.00744162213816
862,5050,0.00743573244909
512,4962,0.00730615928959
508,4933,0.00726345904384
517,4881,0.00718689308595
616,4739,0.00697780912401
609,4437,0.00653313759933
825,4215,0.00620625985603
770,4163,0.00612969389813
617,4062,0.00598097924915
515,3868,0.00569532932933
659,3535,0.00520501271437
527,3481,0.00512550191194
566,3286,0.00483837956985
641,3282,0.00483248988078
839,3262,0.00480304143544
514,3203,0.00471616852167
635,3190,0.0046970270322
521,3086,0.00454389511642
532,3066,0.00451444667107
548,2953,0.00434806295489
544,2940,0.00432892146541
567,2687,0.00395639863183
563,2634,0.00387836025167
556,2478,0.00364866237799
529,2402,0.00353675828569
810,2402,0.00353675828569
561,2338,0.00344252326059
577,2331,0.00343221630472
555,2287,0.00336742972497
500,2286,0.0033659573027
518,2283,0.0033615400359
538,2220,0.00326877743307
571,2201,0.00324080140999
542,2183,0.00321429780918
650,2100,0.00309208676101
630,2094,0.00308325222741
622,2009,0.0029580963347
790,1958,0.00288300279907
640,1888,0.00277993324037
744,1855,0.00273134330556
679,1841,0.00271072939382
652,1800,0.00265036008087
541,1772,0.00260913225739
669,1744,0.00256790443391
658,1705,0.00251047996549
557,1666,0.00245305549707
789,1645,0.00242213462946
686,1606,0.00236471016104
547,1553,0.00228667178088
671,1551,0.00228372693635
693,1551,0.00228372693635
523,1491,0.00219538160032
513,1472,0.00216740557724
564,1467,0.00216004346591
546,1457,0.00214531924323
543,1424,0.00209672930842
678,1422,0.00209378446388
752,1388,0.0020437221068
866,1363,0.00200691155012
625,1348,0.00198482521611
573,1327,0.0019539043485
637,1309,0.0019274007477
574,1290,0.00189942472462
881,1255,0.00184788994527
648,1251,0.0018420002562
619,1225,0.00180371727726
588,1188,0.00174923765337
575,1154,0.00169917529629
757,1131,0.00166530958414
519,1127,0.00165941989508
551,1112,0.00163733356107
507,1059,0.00155929518091
682,1046,0.00154015369144
716,1039,0.00152984673557
722,1031,0.00151806735743
702,1022,0.00150481555702
675,997,0.00146800500035
725,962,0.001416470221
691,958,0.00141058053193
545,953,0.00140321842059
811,937,0.00137965966432
801,930,0.00136935270845
855,916,0.00134873879671
632,868,0.00127806252788
612,857,0.00126186588295
530,852,0.00125450377161
765,841,0.00123830712667
670,839,0.00123536228214
724,837,0.0012324174376
531,811,0.00119413445866
570,792,0.00116615843558
828,774,0.00113965483477
520,764,0.0011249306121
536,760,0.00111904092303
718,752,0.00110726154489
509,740,0.00108959247769
649,730,0.00107486825502
636,725,0.00106750614368
503,717,0.00105572676554
709,709,0.00104394738741
743,691,0.0010174437866
550,690,0.00101597136433
705,686,0.00101008167526
610,676,0.000995357452592
502,671,0.000987995341256
522,658,0.000968853851783
687,651,0.000958546895913
605,650,0.000957074473646
516,649,0.000955602051379
642,639,0.000940877828707
592,633,0.000932043295104
540,629,0.000926153606036
868,624,0.0009187914947
698,613,0.000902594849761
804,612,0.000901122427494
604,594,0.000874618826686
611,588,0.000865784293083
800,569,0.000837808270007
526,556,0.000818666780534
525,552,0.000812777091465
624,535,0.000787745912924
634,533,0.00078480106839
576,523,0.000770076845718
584,509,0.000749462933978
600,508,0.000747990511711
633,491,0.000722959333169
656,456,0.000671424553819
676,452,0.000665534864751
813,452,0.000665534864751
651,437,0.000643448530743
692,422,0.000621362196736
762,405,0.000596331018195
537,385,0.000566882572852
549,381,0.000560992883783
565,379,0.000558048039249
627,374,0.000550685927913
673,370,0.000544796238845
758,353,0.000519765060303
773,353,0.000519765060303
603,347,0.0005109305267
746,339,0.000499151148563
764,334,0.000491789037227
662,329,0.000484426925892
582,327,0.000481482081357
554,326,0.00048000965909
569,326,0.00048000965909
628,325,0.000478537236823
606,324,0.000477064814556
581,315,0.000463813014151
736,310,0.000456450902816
553,303,0.000446143946946
559,303,0.000446143946946
598,302,0.000444671524679
643,281,0.000413750657068
756,280,0.000412278234801
657,265,0.000390191900794
759,265,0.000390191900794
644,258,0.000379884944924
734,250,0.000368105566787
737,249,0.00036663314452
771,247,0.000363688299985
717,227,0.000334239854642
821,220,0.000323932898772
710,217,0.000319515631971
597,211,0.000310681098368
754,207,0.0003047914093
661,185,0.000272398119422
802,174,0.000256201474484
760,170,0.000250311785415
558,169,0.000248839363148
631,167,0.000245894518614
639,159,0.000234115140476
638,156,0.000229697873675
767,152,0.000223808184606
596,141,0.000207611539668
755,139,0.000204666695133
745,132,0.000194359739263
749,131,0.000192887316996
647,128,0.000188470050195
552,91,0.00013399042631
766,85,0.000125155892708
711,78,0.000114848936838
747,77,0.00011337651457
626,77,0.00011337651457
740,75,0.000110431670036
583,28,4.12278234801e-05
798,8,1.17793781372e-05
None,0,0.0
