3,122847,0.180861353909
2,111636,0.164355972104
1,102186,0.150443220515
4,98138,0.144483557189
0,93801,0.138098413946
5,70524,0.103828877572
6,48738,0.0717544642266
7,17022,0.0250606198462
8,7980,0.0117485457862
9,2735,0.00402660059214
10,1870,0.00275310534088
11,961,0.00141483114042
12,513,0.000755263657684
13,76,0.00011189091225
14,42,6.18344515063e-05
15,39,5.74177049702e-05
16,19,2.79727280624e-05
18,15,2.20837326808e-05
17,14,2.06114838354e-05
21,11,1.61947372993e-05
19,10,1.47224884539e-05
20,10,1.47224884539e-05
22,6,8.83349307233e-06
24,5,7.36124422694e-06
25,5,7.36124422694e-06
28,4,5.88899538156e-06
32,4,5.88899538156e-06
26,3,4.41674653617e-06
30,3,4.41674653617e-06
31,3,4.41674653617e-06
41,2,2.94449769078e-06
44,2,2.94449769078e-06
23,2,2.94449769078e-06
33,1,1.47224884539e-06
35,1,1.47224884539e-06
42,1,1.47224884539e-06
52,1,1.47224884539e-06
58,1,1.47224884539e-06
60,1,1.47224884539e-06
27,1,1.47224884539e-06
