CA,54415,0.0801124209218
NY,40003,0.0588943705621
TX,36801,0.0541802297592
FL,32646,0.0480630358066
ZZ,24223,0.0356622837819
PA,23196,0.0341502842176
NJ,21695,0.0319404387007
IL,20498,0.0301781568328
OH,20098,0.0295892572946
MA,15999,0.0235545092774
VA,15582,0.0229405815088
GA,15222,0.0224105719245
NC,15023,0.0221175944043
MI,14538,0.0214035537143
H9,11537,0.0169853349293
WA,11445,0.0168498880355
MD,10665,0.0157015339361
WI,9649,0.0142057291092
AZ,9588,0.0141159219296
MN,8844,0.0130205687886
MO,8825,0.0129925960606
CO,8778,0.0129234003648
TN,8238,0.0121283859883
IN,7988,0.011760323777
07,7968,0.0117308788001
OR,7807,0.011493846736
CT,7104,0.0104588557976
02,6654,0.00979634381722
SC,5911,0.00870246292509
KY,5639,0.00830201123915
LA,5282,0.00777641840134
AL,4981,0.00733327149888
IA,4735,0.00697109828292
04,4723,0.00695343129677
ON,4576,0.0067370107165
DE,4453,0.00655592410852
NV,4262,0.00627472457905
OK,4195,0.00617608390641
KS,4134,0.00608627672684
UT,4134,0.00608627672684
NH,3219,0.00473916903331
AR,3002,0.00441969103386
NE,2840,0.0041811867209
05,2628,0.00386906996568
ME,2618,0.00385434747723
MS,2396,0.00352750823355
WV,2293,0.00337586660248
QC,2214,0.00325955894369
DC,2205,0.00324630870408
01,2202,0.00324189195755
NM,2177,0.00320508573641
08,2150,0.00316533501759
RI,2142,0.00315355702682
A7,2032,0.00299160965383
I2,2014,0.00296510917461
00,1960,0.00288560773696
ID,1932,0.00284438476929
HI,1856,0.00273249385704
09,1672,0.00246160006949
V2,1592,0.00234382016186
11,1506,0.00221720676116
06,1501,0.00220984551693
L9,1451,0.00213623307466
N7,1399,0.0020596761347
F2,1396,0.00205525938816
H2,1385,0.00203906465086
H3,1384,0.00203759240202
H8,1375,0.00202434216241
A8,1367,0.00201256417165
BC,1300,0.00191392349901
B7,1287,0.00189478426402
16,1250,0.00184031105674
E4,1242,0.00182853306597
AB,1239,0.00182411631944
G5,1238,0.00182264407059
ND,1226,0.00180497708445
F8,1204,0.00177258760985
03,1194,0.00175786512139
VT,1188,0.00174903162832
J8,1181,0.0017387258864
MT,1150,0.0016930861722
SD,1144,0.00168425267912
15,1126,0.00165775219991
12,1111,0.00163566846723
I9,1053,0.00155027803419
U8,1027,0.00151199956421
H4,1007,0.00148255458731
C3,1002,0.00147519334308
14,979,0.00144133161964
17,935,0.00137655267044
AK,905,0.00133238520508
40,904,0.00133091295623
B4,902,0.00132796845854
21,902,0.00132796845854
K2,886,0.00130441247701
18,880,0.00129557898394
P6,847,0.00124699477204
B9,846,0.0012455225232
20,839,0.00123521678128
13,836,0.00123080003475
J1,835,0.0012293277859
27,820,0.00120724405322
I7,819,0.00120577180437
M4,816,0.00120135505784
E6,810,0.00119252156476
10,795,0.00117043783208
M3,753,0.00110860338058
N5,734,0.00108063065252
N4,694,0.0010217406987
H7,686,0.00100996270794
B6,681,0.00100260146371
X5,670,0.000986406726411
D9,668,0.00098346222872
B8,654,0.000962850744884
WY,646,0.000951072754121
D4,645,0.000949600505276
R3,637,0.000937822514513
I6,621,0.000914266532986
Q3,587,0.000864210072243
19,572,0.000842126339562
C8,562,0.000827403851109
Q4,559,0.000822987104572
C5,558,0.000821514855727
26,524,0.000771458394984
B2,512,0.000753791408839
29,509,0.000749374662303
C7,501,0.00073759667154
K7,499,0.000734652173849
N1,497,0.000731707676158
V1,493,0.000725818680777
Z1,484,0.000712568441168
56,478,0.000703734948096
25,465,0.000684595713106
30,458,0.000674289971188
T5,456,0.000671345473497
34,454,0.000668400975807
I3,451,0.00066398422927
K4,450,0.000662511980425
K6,447,0.000658095233889
P3,424,0.000624233510445
G8,417,0.000613927768527
D8,415,0.000610983270836
A9,413,0.000608038773146
C6,410,0.000603622026609
P8,407,0.000599205280073
51,399,0.00058742728931
K3,394,0.000580066045083
E2,390,0.000574177049702
G6,384,0.000565343556629
C9,381,0.000560926810093
A2,377,0.000555037814712
L3,373,0.00054914881933
J9,368,0.000541787575103
NS,367,0.000540315326258
G1,367,0.000540315326258
Q5,366,0.000538843077412
P7,364,0.000535898579722
MB,364,0.000535898579722
B1,362,0.000532954082031
G7,356,0.000524120588958
D7,354,0.000521176091268
A4,353,0.000519703842422
K8,345,0.000507925851659
M1,343,0.000504981353968
A3,342,0.000503509105123
A1,339,0.000499092358587
N6,335,0.000493203363205
F9,332,0.000488786616669
N2,325,0.000478480874751
B5,322,0.000474064128215
F4,318,0.000468175132834
D3,314,0.000462286137452
H5,309,0.000454924893225
I1,302,0.000444619151307
NB,296,0.000435785658235
23,294,0.000432841160544
B3,293,0.000431368911699
D6,292,0.000429896662854
K1,286,0.000421063169781
M9,285,0.000419590920936
E5,281,0.000413701925554
K9,280,0.000412229676709
L7,278,0.000409285179018
N3,264,0.000388673695183
D2,262,0.000385729197492
O8,262,0.000385729197492
J7,262,0.000385729197492
E7,260,0.000382784699801
L2,254,0.000373951206729
P9,251,0.000369534460193
X4,251,0.000369534460193
28,246,0.000362173215966
U3,244,0.000359228718275
L1,244,0.000359228718275
C1,243,0.000357756469429
I4,241,0.000354811971739
SK,240,0.000353339722893
O7,239,0.000351867474048
97,239,0.000351867474048
P2,231,0.000340089483285
F6,227,0.000334200487903
J5,226,0.000332728239058
22,211,0.000310644506377
A6,210,0.000309172257532
60,208,0.000306227759841
Y6,202,0.000297394266769
D5,201,0.000295922017923
Y9,200,0.000294449769078
A5,193,0.00028414402716
Z4,189,0.000278255031778
AE,188,0.000276782782933
V8,186,0.000273838285242
K5,186,0.000273838285242
Y4,182,0.000267949289861
J6,180,0.00026500479217
O2,178,0.000262060294479
L6,174,0.000256171299098
G2,166,0.000244393308335
N8,166,0.000244393308335
N9,166,0.000244393308335
78,164,0.000241448810644
M7,164,0.000241448810644
J2,162,0.000238504312953
M5,159,0.000234087566417
Z7,159,0.000234087566417
U9,155,0.000228198571035
W1,155,0.000228198571035
E3,143,0.000210531584891
Q1,142,0.000209059336045
E9,142,0.000209059336045
W5,141,0.0002075870872
58,140,0.000206114838354
J3,136,0.000200225842973
99,135,0.000198753594127
59,133,0.000195809096437
W9,133,0.000195809096437
C2,131,0.000192864598746
32,130,0.000191392349901
M2,130,0.000191392349901
53,128,0.00018844785221
NL,125,0.000184031105674
44,124,0.000182558856828
Y1,123,0.000181086607983
35,121,0.000178142110292
31,121,0.000178142110292
Y5,120,0.000176669861447
O1,118,0.000173725363756
Z5,117,0.00017225311491
W2,117,0.00017225311491
F7,114,0.000167836368374
U4,109,0.000160475124147
O4,109,0.000160475124147
52,106,0.000156058377611
55,105,0.000154586128766
O3,104,0.00015311387992
X7,103,0.000151641631075
48,103,0.000151641631075
24,100,0.000147224884539
D1,93,0.000136919142621
Z8,91,0.00013397464493
X3,91,0.00013397464493
L5,89,0.00013103014724
O6,85,0.000125141151858
E1,85,0.000125141151858
98,84,0.000123668903013
Z6,82,0.000120724405322
J4,81,0.000119252156476
38,81,0.000119252156476
ERROR,77,0.000113363161095
S5,77,0.000113363161095
54,75,0.000110418663404
P4,74,0.000108946414559
R8,73,0.000107474165713
G9,73,0.000107474165713
W6,71,0.000104529668023
Y7,70,0.000103057419177
S6,69,0.000101585170332
W7,68,0.000100112921486
81,68,0.000100112921486
V7,66,9.71684237957e-05
F5,66,9.71684237957e-05
PE,65,9.56961749503e-05
77,65,9.56961749503e-05
68,64,9.42239261049e-05
Z3,64,9.42239261049e-05
V4,63,9.27516772595e-05
83,62,9.12794284141e-05
39,58,8.53904330326e-05
W4,57,8.39181841872e-05
Q2,57,8.39181841872e-05
33,56,8.24459353418e-05
L8,56,8.24459353418e-05
86,55,8.09736864964e-05
V3,52,7.65569399602e-05
72,52,7.65569399602e-05
S9,51,7.50846911148e-05
T1,50,7.36124422694e-05
X9,48,7.06679445787e-05
37,48,7.06679445787e-05
T6,47,6.91956957333e-05
82,47,6.91956957333e-05
X6,46,6.77234468879e-05
Y8,46,6.77234468879e-05
73,45,6.62511980425e-05
36,44,6.47789491971e-05
X8,43,6.33067003517e-05
66,42,6.18344515063e-05
T2,41,6.03622026609e-05
Y3,41,6.03622026609e-05
57,40,5.88899538156e-05
65,39,5.74177049702e-05
X1,37,5.44732072794e-05
42,36,5.3000958434e-05
80,35,5.15287095886e-05
T8,34,5.00564607432e-05
50,34,5.00564607432e-05
U1,33,4.85842118978e-05
Q6,32,4.71119630524e-05
Q9,32,4.71119630524e-05
S1,32,4.71119630524e-05
74,32,4.71119630524e-05
V5,31,4.56397142071e-05
T7,31,4.56397142071e-05
Z2,30,4.41674653617e-05
AP,30,4.41674653617e-05
Q7,30,4.41674653617e-05
X2,30,4.41674653617e-05
84,30,4.41674653617e-05
47,29,4.26952165163e-05
U2,29,4.26952165163e-05
R4,28,4.12229676709e-05
R6,28,4.12229676709e-05
41,27,3.97507188255e-05
Q8,27,3.97507188255e-05
46,26,3.82784699801e-05
85,26,3.82784699801e-05
Y2,26,3.82784699801e-05
V6,26,3.82784699801e-05
45,25,3.68062211347e-05
75,24,3.53339722893e-05
87,24,3.53339722893e-05
T9,22,3.23894745986e-05
L4,21,3.09172257532e-05
F1,21,3.09172257532e-05
U6,20,2.94449769078e-05
61,20,2.94449769078e-05
O9,19,2.79727280624e-05
71,18,2.6500479217e-05
76,16,2.35559815262e-05
49,15,2.20837326808e-05
P5,15,2.20837326808e-05
79,14,2.06114838354e-05
S7,14,2.06114838354e-05
R7,13,1.91392349901e-05
62,13,1.91392349901e-05
NT,12,1.76669861447e-05
R2,11,1.61947372993e-05
88,10,1.47224884539e-05
E8,10,1.47224884539e-05
90,10,1.47224884539e-05
91,9,1.32502396085e-05
YT,9,1.32502396085e-05
T3,8,1.17779907631e-05
63,8,1.17779907631e-05
70,8,1.17779907631e-05
43,7,1.03057419177e-05
67,7,1.03057419177e-05
P1,6,8.83349307233e-06
W8,6,8.83349307233e-06
M6,5,7.36124422694e-06
NU,5,7.36124422694e-06
R9,5,7.36124422694e-06
I8,4,5.88899538156e-06
S3,3,4.41674653617e-06
H1,3,4.41674653617e-06
S4,3,4.41674653617e-06
H6,2,2.94449769078e-06
S2,2,2.94449769078e-06
G3,1,1.47224884539e-06
AA,1,1.47224884539e-06
C4,1,1.47224884539e-06
69,1,1.47224884539e-06
R1,1,1.47224884539e-06
93,1,1.47224884539e-06
M8,1,1.47224884539e-06
T4,1,1.47224884539e-06
O5,1,1.47224884539e-06
64,1,1.47224884539e-06
92,1,1.47224884539e-06
