25000,180731,0.274201697119
35000,92465,0.140286170741
100000,84470,0.128156306088
15000,70781,0.107387611001
45000,48543,0.0736485328098
55000,37910,0.0575163438358
65000,34354,0.0521212470624
75000,28311,0.0429529203465
300000,21808,0.0330866902234
85000,21463,0.0325632626681
9500,7291,0.0110617690031
8500,5295,0.00803347508864
6500,5156,0.00782258688518
500000,4847,0.00735377785735
7500,4365,0.00662249646117
5500,3484,0.00528585971838
700000,2622,0.00397804942066
4500,1845,0.00279919953514
5000000,925,0.00140339272087
3500,779,0.00118188424817
1375,558,0.00084658717648
900000,557,0.00084506999516
625,254,0.000385364055244
2500,172,0.000260955187015
1875,103,0.000156269675945
1625,21,3.1860807717e-05
875,7,1.0620269239e-05
None,0,0.0
