0,231266,0.257061619382
501,58794,0.065351936082
803,29841,0.0331694922037
511,23735,0.0263824234259
504,23505,0.0261267690174
602,22525,0.0250374589286
807,21150,0.0235090901815
506,18758,0.0208502843322
623,17180,0.019096272781
524,16551,0.0183971135506
618,14419,0.016027308337
819,11256,0.0125115044484
505,11000,0.0122269499762
539,10712,0.011906826195
613,10477,0.0116456140819
534,9937,0.0110453819921
751,9873,0.0109742433741
753,9735,0.0108208507289
510,9502,0.0105618616976
528,8743,0.00971820214928
560,8237,0.00915576245037
517,7631,0.00848216866077
616,6895,0.00766407455327
508,6782,0.00753847043079
512,6772,0.00752735502172
609,6762,0.00751623961265
825,6558,0.00728948526764
535,6540,0.00726947753131
770,6365,0.0070749578726
533,6089,0.00676817258229
820,6038,0.00671148399603
862,5787,0.00643248722839
617,5212,0.00579335120691
515,5117,0.00568775482075
527,5100,0.00566885862534
659,4953,0.00550546211202
635,4766,0.00529760396242
544,4417,0.0049096761859
839,4326,0.00480852596337
641,4218,0.00468847954542
548,4212,0.00468181029998
567,4117,0.00457621391382
556,3962,0.00440392507325
514,3841,0.00426942862351
566,3807,0.00423163623268
630,3789,0.00421162849635
518,3640,0.00404600890122
571,3529,0.00392262786055
521,3513,0.00390484320604
563,3482,0.00387038543792
532,3381,0.00375811980633
650,3184,0.00353914624766
529,3162,0.00351469234771
622,3057,0.00339798055248
561,3039,0.00337797281616
542,3005,0.00334018042532
790,2904,0.00322791479372
538,2883,0.00320457243467
500,2669,0.00296670268059
577,2654,0.00295002956699
640,2644,0.00293891415792
555,2621,0.00291334871706
671,2587,0.00287555632622
652,2513,0.00279330229911
541,2506,0.00278552151276
679,2376,0.00264102119486
557,2330,0.00258989031314
669,2303,0.00255987870866
744,2188,0.00243205150436
686,2171,0.00241315530894
789,2076,0.00230755892278
693,2075,0.00230644738188
658,2074,0.00230533584097
678,2064,0.0022942204319
546,2030,0.00225642804106
547,1962,0.00218084325939
564,1952,0.00216972785032
513,1931,0.00214638549128
573,1931,0.00214638549128
752,1874,0.00208302765958
625,1825,0.00202856215514
637,1727,0.00191963114627
866,1690,0.00187850413271
648,1684,0.00187183488727
881,1664,0.00184960406913
619,1634,0.00181625784192
588,1626,0.00180736551467
575,1624,0.00180514243285
716,1624,0.00180514243285
523,1615,0.00179513856469
675,1559,0.0017328922739
757,1552,0.00172511148755
722,1545,0.0017173307012
543,1520,0.00168954217853
551,1491,0.00165730749223
507,1474,0.00163841129681
574,1447,0.00160839969233
519,1423,0.00158172271056
682,1375,0.00152836874703
604,1375,0.00152836874703
691,1346,0.00149613406073
718,1333,0.00148168402894
530,1332,0.00148057248803
545,1268,0.00140943386999
632,1252,0.00139164921547
725,1233,0.00137052993824
702,1222,0.00135830298827
570,1217,0.00135274528373
724,1214,0.00134941066101
670,1205,0.00133940679285
531,1196,0.00132940292469
811,1178,0.00130939518836
801,1150,0.00127827204297
612,1116,0.00124047965213
509,1081,0.00120157572039
810,1076,0.00119601801586
636,1074,0.00119379493404
855,1051,0.00116822949318
550,1050,0.00116711795227
520,1041,0.00115711408411
536,1035,0.00115044483867
605,1018,0.00113154864325
649,1002,0.00111376398874
765,971,0.00107930622063
503,939,0.00104373691161
709,908,0.00100927914349
642,870,0.000967040589028
522,859,0.000954813639052
687,847,0.000941475148168
540,822,0.000913686625495
828,815,0.000905905839147
502,811,0.000901459675519
698,809,0.000899236593705
705,789,0.000877005775567
592,777,0.000863667284683
610,777,0.000863667284683
634,757,0.000841436466545
584,755,0.000839213384731
516,755,0.000839213384731
800,753,0.000836990302917
804,752,0.00083587876201
611,735,0.000816982566592
633,685,0.000761405521246
743,681,0.000756959357618
868,673,0.000748067030363
651,668,0.000742509325828
624,662,0.000735840080387
576,661,0.00073472853948
600,651,0.00072361313041
525,651,0.00072361313041
526,650,0.000722501589503
676,645,0.000716943884969
813,610,0.000678039953226
692,596,0.000662478380529
656,569,0.000632466776042
746,560,0.00062246290788
628,552,0.000613570580625
764,540,0.000600232089741
762,536,0.000595785926114
569,526,0.000584670517044
627,497,0.000552435830743
581,486,0.000540208880767
603,485,0.00053909733986
598,484,0.000537985798953
537,480,0.000533539635326
582,473,0.000525758848977
673,470,0.000522424226256
758,470,0.000522424226256
565,459,0.00051019727628
549,446,0.00049574724449
559,446,0.00049574724449
662,445,0.000494635703583
606,442,0.000491301080862
773,436,0.000484631835421
657,426,0.000473516426352
736,412,0.000457954853655
759,403,0.000447950985492
756,402,0.000446839444585
554,378,0.000420162462819
553,370,0.000411270135564
643,339,0.000376812367449
754,332,0.0003690315811
717,331,0.000367920040193
737,330,0.000366808499286
771,322,0.000357916172031
734,317,0.000352358467496
644,308,0.000342354599334
710,296,0.000329016108451
821,280,0.00031123145394
767,257,0.000285666013081
639,255,0.000283442931267
597,240,0.000266769817663
755,214,0.000237869754083
558,213,0.000236758213176
661,206,0.000228977426827
749,206,0.000228977426827
802,205,0.00022786588592
638,183,0.000203411985968
760,183,0.000203411985968
647,163,0.000181181167829
631,162,0.000180069626922
711,161,0.000178958086015
596,158,0.000175623463295
745,143,0.000158950349691
626,130,0.000144500317901
766,111,0.000123381040669
552,111,0.000123381040669
740,104,0.000115600254321
747,85,9.44809770889e-05
583,45,5.00193408118e-05
798,9,1.00038681624e-05
None,0,0.0
