3,162444,0.18036707638
2,150044,0.1665989363
1,138506,0.153787904023
4,129819,0.14414243363
0,111031,0.123281480741
5,100299,0.111365377569
6,59910,0.0665201025949
7,21454,0.0238211030057
8,11355,0.0126078411778
9,6001,0.00666311359826
10,3822,0.00424369607941
11,2802,0.00311115552447
12,1437,0.00159554978182
13,710,0.000788337052952
14,194,0.000215404772215
15,166,0.000184315423648
16,148,0.000164329413855
18,84,9.32680457013e-05
17,68,7.5502703663e-05
20,51,5.66270277472e-05
19,50,5.55166938698e-05
24,29,3.21996824445e-05
21,29,3.21996824445e-05
22,19,2.10963436705e-05
23,18,1.99860097931e-05
25,13,1.44343404062e-05
26,13,1.44343404062e-05
28,13,1.44343404062e-05
32,8,8.88267101918e-06
31,7,7.77233714178e-06
36,6,6.66200326438e-06
40,6,6.66200326438e-06
29,6,6.66200326438e-06
30,6,6.66200326438e-06
33,5,5.55166938698e-06
37,5,5.55166938698e-06
35,4,4.44133550959e-06
27,4,4.44133550959e-06
61,3,3.33100163219e-06
41,3,3.33100163219e-06
49,3,3.33100163219e-06
34,2,2.22066775479e-06
42,2,2.22066775479e-06
51,2,2.22066775479e-06
53,2,2.22066775479e-06
72,2,2.22066775479e-06
78,2,2.22066775479e-06
92,2,2.22066775479e-06
38,1,1.1103338774e-06
43,1,1.1103338774e-06
46,1,1.1103338774e-06
48,1,1.1103338774e-06
50,1,1.1103338774e-06
52,1,1.1103338774e-06
80,1,1.1103338774e-06
135,1,1.1103338774e-06
174,1,1.1103338774e-06
39,1,1.1103338774e-06
47,1,1.1103338774e-06
58,1,1.1103338774e-06
64,1,1.1103338774e-06
73,1,1.1103338774e-06
77,1,1.1103338774e-06
81,1,1.1103338774e-06
83,1,1.1103338774e-06
90,1,1.1103338774e-06
119,1,1.1103338774e-06
148,1,1.1103338774e-06
369,1,1.1103338774e-06
