2,256580,0.420647086308
3,163732,0.26842851639
1,83380,0.136696367824
4,59468,0.097494118515
5,27285,0.0447320747912
6,7003,0.011480986614
7,3358,0.00550523390686
9,1697,0.00278212684334
8,1473,0.00241489265778
10,935,0.00153287483708
14,879,0.00144106629069
11,801,0.00131319010107
12,712,0.00116728008984
41,340,0.000557409031666
16,267,0.00043773003369
13,231,0.000378710253867
15,228,0.000373791938882
17,178,0.00029182002246
29,175,0.000286901707475
33,156,0.000255752379235
39,143,0.000234439680965
26,107,0.000175419901142
19,68,0.000111481806333
21,63,0.000103284614691
40,62,0.000101645176363
24,57,9.34479847204e-05
36,52,8.52507930783e-05
23,44,7.21352864509e-05
18,42,6.8856409794e-05
30,42,6.8856409794e-05
1000,30,4.91831498529e-05
22,28,4.5904273196e-05
38,25,4.09859582107e-05
28,24,3.93465198823e-05
20,23,3.77070815539e-05
32,23,3.77070815539e-05
37,22,3.60676432254e-05
52,21,3.4428204897e-05
25,21,3.4428204897e-05
46,20,3.27887665686e-05
60,20,3.27887665686e-05
136,19,3.11493282401e-05
65,11,1.80338216127e-05
66,11,1.80338216127e-05
51,10,1.63943832843e-05
34,10,1.63943832843e-05
35,9,1.47549449559e-05
42,9,1.47549449559e-05
134,8,1.31155066274e-05
27,7,1.1476068299e-05
31,7,1.1476068299e-05
47,6,9.83662997057e-06
43,6,9.83662997057e-06
45,5,8.19719164214e-06
61,5,8.19719164214e-06
64,4,6.55775331371e-06
55,4,6.55775331371e-06
44,3,4.91831498529e-06
48,3,4.91831498529e-06
102,3,4.91831498529e-06
86,2,3.27887665686e-06
117,2,3.27887665686e-06
75,2,3.27887665686e-06
108,1,1.63943832843e-06
62,1,1.63943832843e-06
56,1,1.63943832843e-06
90,1,1.63943832843e-06
None,0,0.0
