CA,70995,0.0788281536258
NY,52048,0.0577906576508
TX,51813,0.0575297291896
FL,44480,0.0493876508666
ZZ,38694,0.042963259052
PA,29366,0.0326060646436
IL,28396,0.0315290407826
OH,26919,0.0298890776456
NJ,25291,0.0280814540932
VA,23190,0.0257486426168
NC,23171,0.0257275462732
GA,22058,0.0244917446676
MI,19791,0.0219746177676
MA,18846,0.0209253522534
H9,17743,0.0197006539867
MD,14696,0.0163174666622
WA,14446,0.0160398831929
MO,13395,0.0148729222877
CO,12746,0.0141523156013
WI,12181,0.0135249769606
AZ,12109,0.0134450329214
MN,12075,0.0134072815696
TN,11615,0.012896527986
IN,11257,0.0124990284579
07,9568,0.0106236745389
02,8927,0.00991195052352
CT,8656,0.00961105004275
SC,8489,0.00942562428522
AL,7782,0.0086406182339
OR,7767,0.00862396322574
LA,7611,0.00845075114087
KY,7525,0.00835526242741
OK,6496,0.00721272886757
UT,6267,0.00695846240965
KS,6183,0.00686519436395
IA,6017,0.0066808789403
04,5714,0.00634444777545
NV,5624,0.00624451772648
ON,5329,0.00591696923265
DE,5097,0.00565937177309
NE,4072,0.00452127954876
AR,4055,0.00450240387284
DC,4040,0.00448574886468
MS,3656,0.00405938065576
05,3337,0.00370518414887
NM,3206,0.00355973041093
WV,3184,0.00353530306563
ME,3114,0.00345757969421
NH,3088,0.0034287110134
08,3009,0.00334099463709
QC,2861,0.00317666522323
01,2713,0.00301233580938
00,2608,0.00289575075225
ID,2584,0.00286910273919
RI,2522,0.0028002620388
A7,2294,0.00254710591475
I2,2209,0.00245272753517
HI,2195,0.00243718286089
06,2067,0.00229506012458
09,1876,0.002082986354
11,1854,0.00205855900869
V2,1849,0.00205300733931
N7,1715,0.00190422259974
A8,1691,0.00187757458668
ND,1683,0.00186869191566
L9,1682,0.00186758158178
H3,1667,0.00185092657362
MT,1641,0.00182205789281
F8,1607,0.00178430654098
F2,1600,0.00177653420384
BC,1587,0.00176209986343
SD,1573,0.00174655518915
AB,1569,0.00174211385364
B7,1553,0.0017243485116
16,1543,0.00171324517282
E4,1526,0.00169436949691
G5,1510,0.00167660415487
H2,1507,0.00167327315324
H8,1475,0.00163774246916
J8,1468,0.00162997013202
27,1453,0.00161331512386
15,1338,0.00148562672796
21,1297,0.00144010303898
03,1268,0.00140790335654
VT,1254,0.00139235868226
C3,1249,0.00138680701287
I9,1219,0.00135349699655
26,1209,0.00134239365777
U8,1196,0.00132795931737
14,1195,0.00132684898349
17,1178,0.00130797330757
18,1175,0.00130464230594
12,1158,0.00128576663003
H4,1151,0.00127799429288
K2,1121,0.00124468427656
13,1045,0.00116029890188
E6,1022,0.0011347612227
WY,1012,0.00112365788393
B9,999,0.00110922354352
P6,989,0.00109812020475
J1,967,0.00107369285944
B4,965,0.00107147219169
10,923,0.00102483816884
20,922,0.00102372783496
AK,913,0.00101373483006
I7,865,0.000960438803948
null,861,0.000955997468439
H7,847,0.000940452794155
40,843,0.000936011458646
M4,843,0.000936011458646
M3,828,0.000919356450485
N5,828,0.000919356450485
B6,806,0.000894929105182
R3,764,0.000848295082331
19,762,0.000846074414576
D4,748,0.000830529740293
I6,704,0.000781675049687
D9,703,0.00078056471581
N4,698,0.000775013046423
C5,685,0.000760578706017
X5,677,0.000751696034998
B8,673,0.000747254699488
25,670,0.000743923697856
Q3,656,0.000728379023572
C7,633,0.000702841344392
K7,632,0.000701731010515
K4,629,0.000698400008883
Q4,617,0.000685076002354
C8,603,0.00066953132807
P3,572,0.000635110977871
V1,563,0.000625117972974
N1,555,0.000616235301955
Z1,550,0.000610683632568
T5,537,0.000596249292162
P8,528,0.000586256287266
B2,519,0.000576263282369
K3,504,0.000559608274208
28,504,0.000559608274208
G6,488,0.00054184293217
23,484,0.00053740159666
Q5,482,0.000535180928905
29,481,0.000534070595028
I3,477,0.000529629259518
34,474,0.000526298257886
C6,467,0.000518525920744
E2,464,0.000515194919112
G1,459,0.000509643249725
C9,455,0.000505201914216
J9,452,0.000501870912583
D8,443,0.000491877907687
H5,442,0.000490767573809
N6,440,0.000488546906055
A2,436,0.000484105570545
F9,426,0.000473002231771
G8,422,0.000468560896262
M1,418,0.000464119560752
B5,418,0.000464119560752
30,417,0.000463009226875
MB,416,0.000461898892997
44,415,0.00046078855912
D3,409,0.000454126555855
A4,407,0.000451905888101
K6,398,0.000441912883204
A9,394,0.000437471547694
NS,386,0.000428588876675
B1,376,0.000417485537901
D7,376,0.000417485537901
L3,375,0.000416375204024
P7,373,0.000414154536269
A1,365,0.00040527186525
F4,365,0.00040527186525
N2,364,0.000404161531372
G7,363,0.000403051197495
D2,359,0.000398609861985
K8,359,0.000398609861985
A3,353,0.000391947858721
I1,353,0.000391947858721
D6,343,0.000380844519947
B3,340,0.000377513518315
P9,332,0.000368630847296
SK,330,0.000366410179541
56,329,0.000365299845664
M9,319,0.00035419650689
J7,319,0.00035419650689
NB,314,0.000348644837503
E7,312,0.000346424169748
L1,309,0.000343093168116
O8,303,0.000336431164851
A5,296,0.000328658827709
U3,293,0.000325327826077
22,292,0.0003242174922
51,287,0.000318665822813
F6,287,0.000318665822813
L7,285,0.000316445155058
K1,278,0.000308672817916
P2,276,0.000306452150162
X4,269,0.00029867981302
K9,267,0.000296459145265
J5,260,0.000288686808123
N3,257,0.000285355806491
E5,255,0.000283135138736
O7,250,0.000277583469349
Y9,247,0.000274252467717
N8,241,0.000267590464453
I4,240,0.000266480130575
L2,238,0.00026425946282
D5,234,0.000259818127311
97,227,0.000252045790169
A6,224,0.000248714788537
Y6,221,0.000245383786905
Y4,213,0.000236501115886
V8,212,0.000235390782008
78,206,0.000228728778744
Z4,203,0.000225397777112
60,199,0.000220956441602
N9,194,0.000215404772215
O2,193,0.000214294438338
E3,188,0.000208742768951
K5,185,0.000205411767318
J2,185,0.000205411767318
NL,183,0.000203191099564
24,183,0.000203191099564
J3,180,0.000199860097931
M5,179,0.000198749764054
C1,179,0.000198749764054
L6,177,0.000196529096299
42,172,0.000190977426912
J6,172,0.000190977426912
35,170,0.000188756759157
32,169,0.00018764642528
G2,166,0.000184315423648
W1,165,0.00018320508977
M2,164,0.000182094755893
U9,152,0.000168770749364
P4,151,0.000167660415487
M7,148,0.000164329413855
C2,144,0.000159888078345
AE,143,0.000158777744468
F7,143,0.000158777744468
48,142,0.00015766741059
E9,140,0.000155446742836
W5,137,0.000152115741203
Y5,134,0.000148784739571
W9,133,0.000147674405694
Y1,133,0.000147674405694
W2,131,0.000145453737939
Q1,128,0.000142122736307
53,127,0.000141012402429
Z5,126,0.000139902068552
31,126,0.000139902068552
Z7,124,0.000137681400797
U4,121,0.000134350399165
58,119,0.00013212973141
O1,119,0.00013212973141
L5,118,0.000131019397533
83,115,0.000127688395901
E1,111,0.000123247060391
X7,110,0.000122136726514
O3,107,0.000118805724881
X3,107,0.000118805724881
ERROR,106,0.000117695391004
86,101,0.000112143721617
O4,100,0.00011103338774
77,94,0.000104371384475
38,93,0.000103261050598
59,92,0.000102150716721
73,91,0.000101040382843
99,88,9.77093812109e-05
S6,88,9.77093812109e-05
O6,87,9.65990473335e-05
52,86,9.54887134561e-05
W4,86,9.54887134561e-05
Y7,84,9.32680457013e-05
55,84,9.32680457013e-05
W6,82,9.10473779465e-05
81,82,9.10473779465e-05
D1,80,8.88267101918e-05
V7,77,8.54957085596e-05
Q2,77,8.54957085596e-05
72,76,8.43853746822e-05
R8,75,8.32750408048e-05
V3,75,8.32750408048e-05
S5,74,8.21647069274e-05
98,73,8.105437305e-05
F5,72,7.99440391726e-05
Z6,69,7.66130375404e-05
Y3,69,7.66130375404e-05
L8,68,7.5502703663e-05
J4,67,7.43923697856e-05
X9,66,7.32820359082e-05
Z3,65,7.21717020308e-05
PE,65,7.21717020308e-05
Z8,65,7.21717020308e-05
82,65,7.21717020308e-05
54,63,6.9951034276e-05
G9,61,6.77303665212e-05
W7,60,6.66200326438e-05
T6,60,6.66200326438e-05
39,59,6.55096987664e-05
S9,59,6.55096987664e-05
75,56,6.21786971342e-05
T2,55,6.10683632568e-05
Y8,55,6.10683632568e-05
AP,55,6.10683632568e-05
36,54,5.99580293794e-05
V4,52,5.77373616246e-05
T1,52,5.77373616246e-05
47,51,5.66270277472e-05
X8,50,5.55166938698e-05
37,48,5.32960261151e-05
84,47,5.21856922377e-05
X6,46,5.10753583603e-05
U2,45,4.99650244829e-05
74,45,4.99650244829e-05
Q7,45,4.99650244829e-05
57,45,4.99650244829e-05
68,45,4.99650244829e-05
T9,44,4.88546906055e-05
80,44,4.88546906055e-05
85,44,4.88546906055e-05
T7,43,4.77443567281e-05
V6,42,4.66340228507e-05
T8,41,4.55236889733e-05
61,41,4.55236889733e-05
45,41,4.55236889733e-05
66,40,4.44133550959e-05
65,37,4.10823534637e-05
Q8,37,4.10823534637e-05
87,35,3.88616857089e-05
L4,35,3.88616857089e-05
33,34,3.77513518315e-05
Y2,34,3.77513518315e-05
50,34,3.77513518315e-05
Q6,34,3.77513518315e-05
X1,32,3.55306840767e-05
R6,32,3.55306840767e-05
71,30,3.33100163219e-05
Q9,29,3.21996824445e-05
F1,28,3.10893485671e-05
X2,27,2.99790146897e-05
41,27,2.99790146897e-05
V5,27,2.99790146897e-05
76,26,2.88686808123e-05
S1,25,2.77583469349e-05
R4,24,2.66480130575e-05
Z2,23,2.55376791801e-05
U6,21,2.33170114253e-05
49,20,2.22066775479e-05
P5,20,2.22066775479e-05
88,19,2.10963436705e-05
43,18,1.99860097931e-05
46,18,1.99860097931e-05
62,18,1.99860097931e-05
P1,18,1.99860097931e-05
79,18,1.99860097931e-05
M6,18,1.99860097931e-05
R7,17,1.88756759157e-05
U1,17,1.88756759157e-05
O9,16,1.77653420384e-05
63,15,1.6655008161e-05
91,14,1.55446742836e-05
67,12,1.33240065288e-05
R2,12,1.33240065288e-05
YT,10,1.1103338774e-05
I8,10,1.1103338774e-05
90,10,1.1103338774e-05
S7,10,1.1103338774e-05
G3,9,9.99300489657e-06
E8,9,9.99300489657e-06
T3,9,9.99300489657e-06
W8,9,9.99300489657e-06
S3,9,9.99300489657e-06
70,8,8.88267101918e-06
R9,7,7.77233714178e-06
H6,6,6.66200326438e-06
NT,6,6.66200326438e-06
64,6,6.66200326438e-06
W3,6,6.66200326438e-06
89,6,6.66200326438e-06
F3,6,6.66200326438e-06
H1,5,5.55166938698e-06
U5,5,5.55166938698e-06
S2,5,5.55166938698e-06
NU,5,5.55166938698e-06
69,5,5.55166938698e-06
93,4,4.44133550959e-06
T4,3,3.33100163219e-06
AA,2,2.22066775479e-06
M8,2,2.22066775479e-06
R5,2,2.22066775479e-06
92,2,2.22066775479e-06
O5,1,1.1103338774e-06
S4,1,1.1103338774e-06
HE,1,1.1103338774e-06
V9,1,1.1103338774e-06
