25000,224427,0.257953174028
35000,136199,0.156545176603
100000,125183,0.143883544246
15000,96579,0.111006517017
45000,59263,0.0681160419756
55000,49366,0.0567405721642
75000,41316,0.0474880176546
65000,35128,0.0403756192315
85000,31745,0.0364872475662
300000,24690,0.0283783317817
9500,7844,0.00901578106502
8500,7472,0.00858820960197
7500,6047,0.00695033504592
500000,5330,0.00612622553245
6500,4905,0.00563773662977
5500,3590,0.00412629449559
5000000,3376,0.00388032596577
4500,2289,0.00263094376056
900000,2230,0.00256313000701
700000,1597,0.00183556888843
3500,919,0.00105628541545
875,358,0.000411480063906
2500,160,0.000183901704539
1875,8,9.19508522695e-06
1625,6,6.89631392021e-06
1125,2,2.29877130674e-06
450,1,1.14938565337e-06
None,0,0.0
