0,236443,0.258463015028
501,59254,0.0647723446771
803,31256,0.034166881649
504,24191,0.0264439158552
511,23739,0.0259498209453
602,23469,0.0256546757557
807,21947,0.0239909313908
623,18941,0.0207049816135
506,18643,0.0203792287747
618,15419,0.0168549765851
524,14646,0.0160099868387
505,10960,0.0119807084359
819,10825,0.0118331358411
613,10581,0.0115664120402
753,10342,0.0113051538909
539,10039,0.0109739354004
751,9312,0.0101792296492
510,9164,0.0100174463601
534,8928,0.0097594676018
528,8461,0.00924897573688
560,7915,0.00865212657575
508,7310,0.00799078272504
609,7173,0.00784102386959
616,6960,0.00760818710893
517,6927,0.00757211380799
535,6829,0.00746498703547
512,6600,0.00721466018951
770,6465,0.00706708759472
533,6288,0.006873603526
515,5856,0.00640137122269
862,5838,0.00638169487672
820,5805,0.00634562157577
825,5647,0.00617290698335
635,5573,0.0060920153388
617,5461,0.00596958474165
527,5306,0.00580014954023
659,5204,0.00568865024639
566,4517,0.00493766970848
839,4508,0.0049278315355
641,4496,0.00491471397152
548,4339,0.00474309250943
514,3921,0.00428616403077
544,3892,0.00425446325114
650,3725,0.00407191048574
532,3713,0.00405879292176
567,3676,0.00401834709949
521,3610,0.00394620049759
556,3572,0.00390466154499
529,3444,0.00376474086252
518,3384,0.00369915304262
563,3374,0.0036882217393
640,3149,0.00344226741466
630,3084,0.0033712139431
622,3046,0.00332967499049
542,2986,0.00326408717059
790,2949,0.00322364134831
561,2895,0.0031646123104
671,2873,0.0031405634431
538,2853,0.00311870083646
577,2829,0.0030924657085
571,2776,0.00303452980092
541,2704,0.00295582441703
555,2632,0.00287711903315
500,2602,0.0028443251232
652,2562,0.00280059990993
693,2535,0.00277108539097
679,2426,0.00265193418481
669,2296,0.00250982724168
557,2290,0.00250326845969
744,2248,0.00245735698576
789,2240,0.0024486119431
678,2233,0.00244096003078
686,2200,0.00240488672984
658,2152,0.00235241647391
619,2082,0.00227589735069
625,2056,0.00224747596206
564,2025,0.00221358892178
573,1986,0.00217095683884
546,1983,0.00216767744785
547,1927,0.00210646214927
513,1858,0.00203103615638
752,1832,0.00200261476775
637,1795,0.00196216894548
523,1749,0.00191188495022
648,1725,0.00188564982226
866,1719,0.00187909104027
716,1671,0.00182662078434
722,1637,0.00178945435306
881,1616,0.0017664986161
670,1604,0.00175338105212
588,1602,0.00175119479145
575,1598,0.00174682227013
574,1592,0.00174026348814
757,1581,0.00172823905449
675,1558,0.00170309705686
682,1529,0.00167139627724
543,1511,0.00165171993126
507,1505,0.00164516114927
632,1487,0.0016254848033
691,1481,0.00161892602131
551,1438,0.00157192141705
612,1397,0.00152710307345
604,1369,0.00149649542416
519,1326,0.00144949081989
530,1322,0.00144511829856
724,1299,0.00141997630093
725,1284,0.00140357934596
718,1271,0.00138936865165
702,1252,0.00136859917534
649,1220,0.00133361900473
545,1206,0.00131831518008
811,1184,0.00129426631278
810,1169,0.00127786935781
531,1126,0.00123086475354
801,1121,0.00122539910188
570,1119,0.00122321284122
636,1112,0.0012155609289
509,1091,0.00119260519193
855,1086,0.00118713954027
765,1055,0.00115325249999
709,1054,0.00115215936966
605,1054,0.00115215936966
520,996,0.00108875781042
536,996,0.00108875781042
550,969,0.00105924329146
642,959,0.00104831198814
503,928,0.00101442494786
828,924,0.00101005242653
687,913,0.000998027992882
522,872,0.00095320964928
705,872,0.00095320964928
540,865,0.000945557736958
800,853,0.000932440172977
698,851,0.000930253912313
516,832,0.00090948443601
502,807,0.000882156177717
634,793,0.000866852353072
610,791,0.000864666092409
611,789,0.000862479831745
584,775,0.000847176007101
804,756,0.000826406530798
600,742,0.000811102706153
651,735,0.000803450793831
633,710,0.000776122535538
868,708,0.000773936274874
743,697,0.000761911841225
592,690,0.000754259928903
624,678,0.000741142364922
576,677,0.00074004923459
526,673,0.000735676713263
627,658,0.000719279758287
676,626,0.000684299587671
628,618,0.000675554545017
525,612,0.000668995763027
692,585,0.00063948124407
764,574,0.000627456810421
762,560,0.000612152985776
813,558,0.000609966725113
603,553,0.000604501073454
581,553,0.000604501073454
569,542,0.000592476639805
758,541,0.000591383509473
673,521,0.000569520902838
657,516,0.000564055251179
656,498,0.000544378905208
736,497,0.000543285774876
662,494,0.000540006383881
746,493,0.000538913253549
598,492,0.000537820123218
582,474,0.000518143777246
565,468,0.000511584995256
549,461,0.000503933082934
559,458,0.000500653691938
537,452,0.000494094909948
606,439,0.000479884215635
773,433,0.000473325433645
756,422,0.000461300999996
553,420,0.000459114739332
554,420,0.000459114739332
759,418,0.000456928478669
644,390,0.00042632082938
643,376,0.000411017004735
710,360,0.000393526919428
737,351,0.000383688746442
734,350,0.00038259561611
771,349,0.000381502485778
717,327,0.00035745361848
597,326,0.000356360488148
754,326,0.000356360488148
821,267,0.000291865798575
639,244,0.000266723800945
767,242,0.000264537540282
755,234,0.000255792497628
558,227,0.000248140585306
760,223,0.000243768063979
749,217,0.000237209281988
647,215,0.000235023021325
661,207,0.000226277978671
802,190,0.000207694763031
638,187,0.000204415372036
631,168,0.000183645895733
711,162,0.000177087113742
626,155,0.00016943520142
745,154,0.000168342071088
766,137,0.000149758855449
596,132,0.00014429320379
740,103,0.00011259242417
747,102,0.000111499293838
552,95,0.000103847381516
583,54,5.90290379141e-05
798,15,1.63969549761e-05
None,0,0.0
