1,216640,0.236470924686
0,211086,0.230408519241
2,167207,0.182512896529
3,130165,0.1420801233
4,80423,0.0877848097121
5,56603,0.0617843599982
6,33739,0.0368274211964
7,9018,0.00984349519396
8,4727,0.00515970301417
9,2677,0.00292204886163
11,1541,0.00168206099954
10,1438,0.00156963252261
12,477,0.000520663917445
13,244,0.000266335421083
14,35,3.82038513848e-05
15,19,2.07392336089e-05
16,12,1.30984633319e-05
18,10,1.091538611e-05
17,6,6.54923166597e-06
22,6,6.54923166597e-06
24,4,4.36615444398e-06
31,3,3.27461583299e-06
19,3,3.27461583299e-06
38,2,2.18307722199e-06
26,2,2.18307722199e-06
37,2,2.18307722199e-06
104,2,2.18307722199e-06
25,2,2.18307722199e-06
33,1,1.091538611e-06
1039,1,1.091538611e-06
41,1,1.091538611e-06
45,1,1.091538611e-06
245,1,1.091538611e-06
51,1,1.091538611e-06
56,1,1.091538611e-06
61,1,1.091538611e-06
64,1,1.091538611e-06
80,1,1.091538611e-06
82,1,1.091538611e-06
289,1,1.091538611e-06
296,1,1.091538611e-06
304,1,1.091538611e-06
522,1,1.091538611e-06
153,1,1.091538611e-06
9786,1,1.091538611e-06
607,1,1.091538611e-06
21,1,1.091538611e-06
223,1,1.091538611e-06
27,1,1.091538611e-06
29,1,1.091538611e-06
236,1,1.091538611e-06
40,1,1.091538611e-06
43,1,1.091538611e-06
1643,1,1.091538611e-06
46,1,1.091538611e-06
47,1,1.091538611e-06
55,1,1.091538611e-06
3658,1,1.091538611e-06
60,1,1.091538611e-06
62,1,1.091538611e-06
72,1,1.091538611e-06
74,1,1.091538611e-06
79,1,1.091538611e-06
88,1,1.091538611e-06
90,1,1.091538611e-06
1697,1,1.091538611e-06
106,1,1.091538611e-06
320,1,1.091538611e-06
126,1,1.091538611e-06
136,1,1.091538611e-06
392,1,1.091538611e-06
28,1,1.091538611e-06
428,1,1.091538611e-06
