2,269403,0.431177257654
3,169845,0.271835507868
1,79124,0.126637302979
4,59777,0.0956725906198
5,26455,0.0423410071574
6,6338,0.0101439162111
7,3353,0.005366448573
9,2110,0.0033770374259
8,1691,0.00270643141573
10,983,0.00157328331263
11,946,0.00151406512081
14,902,0.00144364348728
12,720,0.00115235400315
41,344,0.000550569134838
13,319,0.000510556843062
15,290,0.000464142584602
33,262,0.000419328817813
16,218,0.000348907184287
29,204,0.000326500300892
40,197,0.000315296859195
17,185,0.000296090959143
26,149,0.000238473258985
21,118,0.000188858017183
39,117,0.000187257525512
19,68,0.000108833433631
36,58,9.28285169204e-05
18,58,9.28285169204e-05
23,47,7.52231085389e-05
30,42,6.72206501837e-05
1000,41,6.56201585127e-05
24,38,6.08186834996e-05
22,36,5.76177001575e-05
46,34,5.44167168154e-05
25,31,4.96152418023e-05
20,28,4.48137667892e-05
37,27,4.32132751181e-05
28,25,4.0012291776e-05
60,25,4.0012291776e-05
51,20,3.20098334208e-05
65,17,2.72083584077e-05
42,14,2.24068833946e-05
43,14,2.24068833946e-05
31,14,2.24068833946e-05
32,10,1.60049167104e-05
34,10,1.60049167104e-05
27,10,1.60049167104e-05
38,9,1.44044250394e-05
136,9,1.44044250394e-05
66,9,1.44044250394e-05
35,8,1.28039333683e-05
45,7,1.12034416973e-05
56,7,1.12034416973e-05
61,6,9.60295002625e-06
102,6,9.60295002625e-06
47,3,4.80147501312e-06
52,3,4.80147501312e-06
74,3,4.80147501312e-06
134,3,4.80147501312e-06
108,2,3.20098334208e-06
50,2,3.20098334208e-06
86,2,3.20098334208e-06
44,2,3.20098334208e-06
48,2,3.20098334208e-06
75,2,3.20098334208e-06
55,1,1.60049167104e-06
64,1,1.60049167104e-06
68,1,1.60049167104e-06
78,1,1.60049167104e-06
57,1,1.60049167104e-06
90,1,1.60049167104e-06
None,0,0.0
