CA,72496,0.0791321831427
TX,56816,0.0620168577223
NY,52298,0.0570852862778
ZZ,42630,0.0465322909867
FL,41607,0.0454156469877
PA,31654,0.0345515631924
IL,29586,0.0322942613449
OH,27479,0.0299943894915
NJ,25569,0.0279095507445
VA,21886,0.0238894140402
NC,21494,0.0234615309047
GA,20146,0.0219901368571
MI,19629,0.0214258113952
MA,18779,0.0204980035759
H9,18718,0.0204314197206
MD,14343,0.0156559382975
MO,14341,0.0156537552203
WA,13902,0.0151745697701
AZ,12931,0.0141146857788
WI,12671,0.0138308857399
MN,12288,0.0134128264519
CO,12139,0.0132501871989
TN,12109,0.0132174410405
IN,11671,0.0127393471289
CT,8992,0.00981511519007
07,8479,0.00925515588263
KY,8463,0.00923769126485
LA,8034,0.00876942120074
SC,7987,0.00871811888602
02,7597,0.00829241882773
OK,7594,0.0082891442119
OR,7574,0.00826731343968
AL,7331,0.00800206955721
KS,6403,0.0069891217262
UT,6382,0.00696619941537
IA,6268,0.00684176401372
ON,6033,0.00658525244013
NV,5755,0.00628180470628
DE,5247,0.00572730309189
AR,5095,0.00556138922302
04,4697,0.00512695685584
DC,4604,0.00502544376502
NE,4211,0.0045964690909
MS,3817,0.00416640287817
WV,3341,0.00364683049934
NM,3233,0.00352894432935
00,3135,0.00342197354547
NH,3086,0.00336848815353
QC,3025,0.00330190429826
ME,3016,0.00329208045076
05,2971,0.00324296121327
08,2906,0.00317201120355
ID,2712,0.00296025271302
RI,2567,0.00280197961442
01,2543,0.00277578268776
I2,2343,0.00255747496556
A7,2301,0.0025116303439
HI,2253,0.00245923649057
06,1972,0.00215251414088
V2,1869,0.00204008566395
N7,1814,0.00198005104035
ND,1786,0.00194948795924
09,1774,0.00193638949591
F8,1725,0.00188290410397
MT,1705,0.00186107333175
AB,1690,0.00184470025258
H2,1662,0.00181413717147
SD,1662,0.00181413717147
L9,1617,0.00176501793398
G5,1603,0.00174973639343
H8,1601,0.0017475533162
27,1601,0.0017475533162
H3,1595,0.00174100408454
B7,1564,0.0017071663876
BC,1549,0.00169079330843
F2,1542,0.00168315253815
E4,1538,0.00167878638371
J8,1527,0.00166677945899
A8,1505,0.00164276560955
16,1477,0.00161220252844
11,1456,0.00158928021761
26,1416,0.00154561867317
VT,1408,0.00153688636428
15,1283,0.00140044403791
I9,1279,0.00139607788346
21,1253,0.00136769787958
17,1227,0.00133931787569
K2,1217,0.00132840248958
C3,1216,0.00132731095097
null,1201,0.00131093787181
H4,1192,0.00130111402431
12,1169,0.00127600863625
14,1146,0.0012509032482
18,1143,0.00124762863237
03,1127,0.00123016401459
U8,1121,0.00122361478293
WY,1045,0.00114065784849
P6,1020,0.00111336938322
13,1014,0.00110682015155
40,1001,0.00109263014961
J1,988,0.00107844014766
E6,981,0.00107079937739
10,963,0.00105115168239
AK,960,0.00104787706656
M4,956,0.00104351091211
B4,952,0.00103914475767
20,929,0.00101403936961
B9,918,0.00100203244489
I7,907,0.000990025520173
M3,890,0.000971469363786
19,866,0.000945272437122
N5,849,0.000926716280735
B6,828,0.000903793969904
H7,821,0.000896153199627
25,813,0.000887420890739
R3,811,0.000885237813517
N4,804,0.00087759704324
D4,742,0.000809921649359
X5,727,0.000793548570194
I6,710,0.000774992413807
C5,702,0.000766260104919
Q3,682,0.000744429332699
K7,679,0.000741154716866
Q4,664,0.000724781637701
28,660,0.000720415483257
D9,653,0.00071277471298
C8,637,0.000695310095204
29,609,0.000664747014096
C7,606,0.000661472398263
B8,602,0.000657106243819
N1,595,0.000649465473542
P3,593,0.00064728239632
K4,589,0.000642916241876
23,576,0.000628726239933
Z1,547,0.000597071620214
T5,545,0.000594888542992
P8,537,0.000586156234104
V1,525,0.000573057770773
34,521,0.000568691616329
B2,519,0.000566508539107
G6,516,0.000563233923274
I3,506,0.000552318537164
C6,503,0.000549043921331
D8,494,0.000539220073832
J9,478,0.000521755456056
G1,476,0.000519572378834
MB,472,0.00051520622439
NS,470,0.000513023147168
F9,469,0.000511931608557
A4,465,0.000507565454113
C9,463,0.000505382376891
E2,454,0.000495558529392
N2,453,0.000494466990781
Q5,451,0.000492283913559
K6,445,0.000485734681893
P7,437,0.000477002373005
56,436,0.000475910834394
H5,434,0.000473727757172
K3,424,0.000462812371062
M1,424,0.000462812371062
G8,422,0.00046062929384
D3,415,0.000452988523563
30,414,0.000451896984952
K8,410,0.000447530830508
F4,406,0.000443164676064
N6,404,0.000440981598842
G7,403,0.000439890060231
A2,396,0.000432249289954
51,393,0.000428974674121
L3,372,0.00040605236329
SK,368,0.000401686208846
D6,365,0.000398411593013
I1,361,0.000394045438569
A9,360,0.000392953899958
D7,359,0.000391862361347
D2,356,0.000388587745514
M9,348,0.000379855436626
B1,348,0.000379855436626
B5,346,0.000377672359404
44,341,0.000372214666349
22,340,0.000371123127738
A1,338,0.000368940050516
L1,338,0.000368940050516
J7,335,0.000365665434683
B3,329,0.000359116203017
P9,328,0.000358024664406
L7,320,0.000349292355518
E5,312,0.000340560046631
K9,312,0.000340560046631
NB,305,0.000332919276354
A3,300,0.000327461583299
F6,294,0.000320912351633
N8,292,0.000318729274411
U3,290,0.000316546197189
A5,285,0.000311088504134
O8,282,0.000307813888301
K1,282,0.000307813888301
N3,274,0.000299081579413
O7,273,0.000297990040802
I4,272,0.000296898502191
X4,272,0.000296898502191
A6,266,0.000290349270525
P2,254,0.000277250807193
24,246,0.000268518498305
Y9,240,0.000261969266639
J5,235,0.000256511573584
L2,235,0.000256511573584
60,234,0.000255420034973
V8,233,0.000254328496362
D5,226,0.000246687726085
E7,222,0.000242321571641
Y6,222,0.000242321571641
Z4,213,0.000232497724142
N9,211,0.00023031464692
NL,204,0.000222673876643
O2,203,0.000221582338032
78,203,0.000221582338032
97,192,0.000209575413311
J2,189,0.000206300797478
M2,188,0.000205209258867
Y4,188,0.000205209258867
K5,188,0.000205209258867
L6,185,0.000201934643034
E3,183,0.000199751565812
M5,181,0.00019756848859
C1,180,0.000196476949979
J3,180,0.000196476949979
W1,179,0.000195385411368
C2,173,0.000188836179702
J6,173,0.000188836179702
U9,167,0.000182286948036
Q1,167,0.000182286948036
32,166,0.000181195409425
AE,166,0.000181195409425
48,161,0.00017573771637
G2,154,0.000168096946093
Y1,153,0.000167005407482
M7,152,0.000165913868871
Z5,147,0.000160456175816
Z7,146,0.000159364637205
Y5,144,0.000157181559983
53,143,0.000156090021372
W9,143,0.000156090021372
E9,140,0.000152815405539
42,139,0.000151723866928
P4,137,0.000149540789706
W5,137,0.000149540789706
59,134,0.000146266173873
58,130,0.000141900019429
31,130,0.000141900019429
O1,128,0.000139716942207
83,127,0.000138625403596
X7,123,0.000134259249152
E1,123,0.000134259249152
L5,119,0.000129893094708
F7,119,0.000129893094708
O3,118,0.000128801556097
U4,114,0.000124435401653
55,113,0.000123343863042
X3,113,0.000123343863042
35,105,0.000114611554155
O4,105,0.000114611554155
D1,104,0.000113520015544
86,104,0.000113520015544
J4,103,0.000112428476933
S6,101,0.000110245399711
52,101,0.000110245399711
ERROR,101,0.000110245399711
81,100,0.0001091538611
W2,97,0.000105879245267
Y7,97,0.000105879245267
S5,95,0.000103696168045
38,94,0.000102604629434
73,93,0.000101513090823
F5,92,0.000100421552212
Q2,91,9.93300136006e-05
V3,90,9.82384749896e-05
Z3,89,9.71469363786e-05
W6,86,9.38723205456e-05
R8,85,9.27807819346e-05
L8,82,8.95061661016e-05
O6,80,8.73230888796e-05
V7,80,8.73230888796e-05
54,76,8.29569344356e-05
99,75,8.18653958246e-05
77,74,8.07738572137e-05
T6,73,7.96823186027e-05
36,72,7.85907799917e-05
74,72,7.85907799917e-05
Z8,69,7.53161641587e-05
S9,68,7.42246255477e-05
W4,67,7.31330869367e-05
Y8,67,7.31330869367e-05
39,67,7.31330869367e-05
Z6,66,7.20415483257e-05
72,66,7.20415483257e-05
G9,64,6.98584711037e-05
X6,64,6.98584711037e-05
X9,63,6.87669324927e-05
75,62,6.76753938817e-05
82,61,6.65838552707e-05
T1,61,6.65838552707e-05
V4,61,6.65838552707e-05
W7,57,6.22177008267e-05
T2,57,6.22177008267e-05
37,56,6.11261622157e-05
PE,55,6.00346236047e-05
68,55,6.00346236047e-05
84,55,6.00346236047e-05
R6,54,5.89430849937e-05
98,54,5.89430849937e-05
X8,53,5.78515463828e-05
66,49,5.34853919388e-05
Z2,48,5.23938533278e-05
61,47,5.13023147168e-05
80,47,5.13023147168e-05
33,46,5.02107761058e-05
87,46,5.02107761058e-05
T9,45,4.91192374948e-05
57,45,4.91192374948e-05
47,45,4.91192374948e-05
U2,45,4.91192374948e-05
X1,45,4.91192374948e-05
AP,42,4.58446216618e-05
Y3,42,4.58446216618e-05
V5,40,4.36615444398e-05
65,39,4.25700058288e-05
U6,38,4.14784672178e-05
T7,38,4.14784672178e-05
V6,37,4.03869286068e-05
Q7,35,3.82038513848e-05
85,35,3.82038513848e-05
Y2,35,3.82038513848e-05
Q6,33,3.60207741628e-05
L4,32,3.49292355518e-05
41,31,3.38376969409e-05
45,30,3.27461583299e-05
T8,29,3.16546197189e-05
50,29,3.16546197189e-05
Q9,29,3.16546197189e-05
P5,28,3.05630811079e-05
O9,28,3.05630811079e-05
46,26,2.83800038859e-05
U1,26,2.83800038859e-05
S1,26,2.83800038859e-05
76,25,2.72884652749e-05
R4,25,2.72884652749e-05
M6,24,2.61969266639e-05
X2,24,2.61969266639e-05
43,23,2.51053880529e-05
62,23,2.51053880529e-05
71,22,2.40138494419e-05
Q8,21,2.29223108309e-05
88,20,2.18307722199e-05
63,19,2.07392336089e-05
91,19,2.07392336089e-05
79,18,1.96476949979e-05
P1,16,1.74646177759e-05
90,16,1.74646177759e-05
49,15,1.63730791649e-05
R2,14,1.52815405539e-05
R9,14,1.52815405539e-05
F1,14,1.52815405539e-05
S7,14,1.52815405539e-05
67,11,1.20069247209e-05
T3,10,1.091538611e-05
NT,10,1.091538611e-05
YT,10,1.091538611e-05
W8,10,1.091538611e-05
H1,9,9.82384749896e-06
I8,9,9.82384749896e-06
E8,9,9.82384749896e-06
70,8,8.73230888796e-06
R7,8,8.73230888796e-06
64,7,7.64077027697e-06
69,7,7.64077027697e-06
W3,5,5.45769305498e-06
S2,5,5.45769305498e-06
NU,5,5.45769305498e-06
H6,4,4.36615444398e-06
F3,4,4.36615444398e-06
G3,4,4.36615444398e-06
S4,4,4.36615444398e-06
AA,3,3.27461583299e-06
89,3,3.27461583299e-06
S3,3,3.27461583299e-06
92,3,3.27461583299e-06
O5,2,2.18307722199e-06
R5,2,2.18307722199e-06
M8,2,2.18307722199e-06
T4,2,2.18307722199e-06
R1,1,1.091538611e-06
S8,1,1.091538611e-06
G4,1,1.091538611e-06
U5,1,1.091538611e-06
