25000,236107,0.265534607322
35000,126676,0.142464483972
100000,124654,0.140190468479
15000,101819,0.114509388468
45000,65874,0.0740843207644
55000,56681,0.0637455351921
75000,37566,0.0422481038625
65000,36348,0.0408782963103
85000,32045,0.036038984408
300000,23036,0.0259071319964
9500,9202,0.0103489073029
8500,8368,0.00941096025984
7500,6149,0.0069153913286
6500,5748,0.00646441199493
5000000,5657,0.00636207005137
5500,3765,0.00423425733488
500000,3725,0.00418927186519
4500,1993,0.00224140102747
700000,1713,0.00192650273962
900000,794,0.000892961573412
3500,719,0.000808613817737
875,309,0.000347512753381
2500,140,0.000157449143927
1125,36,4.0486922724e-05
450,31,3.48637390123e-05
1625,8,8.99709393866e-06
1875,8,8.99709393866e-06
1375,5,5.62318371166e-06
None,0,0.0
