0,225368,0.258553318419
501,55071,0.0631801755292
803,30793,0.0353272529111
511,22996,0.0263821487983
504,22844,0.0262077668789
602,22562,0.0258842425285
807,22414,0.0257144496071
506,18298,0.020992370791
623,16855,0.0193368898067
618,14488,0.0166213503126
524,14269,0.0163701026788
819,10940,0.0125509091952
505,10603,0.012164286124
753,10384,0.0119130384902
539,10246,0.0117547180634
613,9682,0.0111076693627
534,9650,0.0110709573797
510,9068,0.0104032581885
751,8783,0.0100762920897
528,8075,0.00926403946538
560,7874,0.00903344232203
616,6828,0.00783341937704
517,6819,0.00782309413182
512,6514,0.00747318304365
508,6382,0.00732174611369
609,6341,0.00727470888545
535,6315,0.00724488039924
770,6133,0.00703608099581
862,5874,0.00673894338324
825,5627,0.0064555727643
533,5616,0.00644295302013
820,5613,0.00643951127173
617,5238,0.0060092927207
515,4976,0.00570871335972
635,4931,0.0056570871336
659,4922,0.00564676188837
527,4847,0.00556071817817
839,4533,0.00520048184478
641,4288,0.00491940572477
566,4122,0.00472896231285
514,3975,0.00456031664085
548,3863,0.00443182470028
544,3841,0.00440658521195
567,3559,0.00408306086158
532,3532,0.00405208512591
556,3415,0.00391785693799
518,3325,0.00381460448575
521,3324,0.00381345723628
563,3194,0.00366431480525
529,3184,0.00365284231056
622,3091,0.00354614810991
561,3024,0.00346928239546
630,3004,0.00344633740607
571,2919,0.00334882120117
542,2914,0.00334308495382
650,2865,0.00328686972982
538,2756,0.00316181953766
640,2749,0.00315378879137
790,2737,0.00314002179774
555,2600,0.00298284862043
500,2558,0.00293466414272
577,2510,0.00287959616819
541,2508,0.00287730166925
744,2322,0.00266391326794
671,2319,0.00266047151953
652,2288,0.00262490678598
679,2223,0.00255033557047
669,2175,0.00249526759594
686,2172,0.00249182584753
693,2142,0.00245740836345
557,2131,0.00244478861929
658,2114,0.00242528537831
789,2033,0.00233235817128
547,1983,0.00227499569781
678,1933,0.00221763322434
546,1924,0.00220730797912
513,1884,0.00216141800034
625,1786,0.00204898755234
564,1776,0.00203751505765
573,1754,0.00201227556932
637,1738,0.00199391957781
866,1692,0.00194114610222
523,1669,0.00191475936442
881,1612,0.00184936614467
752,1610,0.00184707164573
648,1596,0.00183101015316
716,1578,0.00181035966271
619,1572,0.00180347616589
757,1561,0.00179085642173
507,1518,0.00174152469454
722,1494,0.00171399070728
575,1485,0.00170366546205
588,1477,0.0016944874663
675,1464,0.0016795732232
691,1461,0.00167613147479
574,1407,0.00161418000344
543,1377,0.00157976251936
682,1326,0.00152125279642
551,1317,0.0015109275512
612,1310,0.00150289680491
519,1292,0.00148224631446
718,1282,0.00147077381977
670,1244,0.00142717833993
545,1236,0.00141800034417
604,1227,0.00140767509895
632,1219,0.0013984971032
724,1206,0.00138358286009
725,1206,0.00138358286009
530,1191,0.00136637411805
811,1185,0.00135949062124
702,1169,0.00134113462973
509,1100,0.00126197441634
636,1100,0.00126197441634
810,1093,0.00125394367005
570,1089,0.00124935467217
649,1068,0.00122526243332
531,1068,0.00122526243332
765,1038,0.00119084494923
536,1011,0.00115986921356
855,1000,0.0011472494694
550,1000,0.0011472494694
520,967,0.00110939023691
503,964,0.0011059484885
642,959,0.00110021224115
801,952,0.00109218149487
709,946,0.00108529799805
800,901,0.00103367177193
605,889,0.00101990477829
522,880,0.00100957953307
698,876,0.00100499053519
828,859,0.000985487294212
502,801,0.000918946824987
687,794,0.000910916078701
540,792,0.000908621579763
610,782,0.000897149085069
804,774,0.000887971089313
743,767,0.000879940343028
516,755,0.000866173349395
592,746,0.00085584810417
705,745,0.000854700854701
611,739,0.000847817357884
584,713,0.00081798887168
600,705,0.000808810875925
634,697,0.00079963288017
868,680,0.00078012963919
576,677,0.000776687890782
624,655,0.000751448402455
525,650,0.000745712155108
633,647,0.0007422704067
651,647,0.0007422704067
526,642,0.000736534159353
676,627,0.000719325417312
692,627,0.000719325417312
628,610,0.000699822176332
656,591,0.000678024436414
813,556,0.000637870704985
762,547,0.00062754545976
581,531,0.00060918946825
746,506,0.000580508231515
764,503,0.000577066483107
627,495,0.000567888487352
758,493,0.000565593988413
673,483,0.000554121493719
582,482,0.000552974244249
606,460,0.000527734755923
565,456,0.000523145758045
549,451,0.000517409510698
537,433,0.000496759020249
662,433,0.000496759020249
736,431,0.00049446452131
773,429,0.000492170022371
598,427,0.000489875523433
603,427,0.000489875523433
559,421,0.000482992026616
554,419,0.000480697527677
756,409,0.000469225032983
569,391,0.000448574542534
759,382,0.00043824929731
643,380,0.000435954798371
657,380,0.000435954798371
644,366,0.000419893305799
734,350,0.000401537314289
553,350,0.000401537314289
771,334,0.000383181322779
737,328,0.000376297825962
717,327,0.000375150576493
754,318,0.000364825331268
597,264,0.000302873859921
639,260,0.000298284862043
710,257,0.000294843113635
767,249,0.00028566511788
821,232,0.0002661618769
755,219,0.000251247633798
661,214,0.000245511386451
558,206,0.000236333390696
760,200,0.000229449893879
802,187,0.000214535650777
749,178,0.000204210405553
745,176,0.000201915906614
711,165,0.000189296162451
638,163,0.000187001663512
631,161,0.000184707164573
596,149,0.00017094017094
647,145,0.000166351173063
626,136,0.000156025927838
766,124,0.000142258934205
552,114,0.000130786439511
740,99,0.00011357769747
747,69,7.91602133884e-05
583,38,4.35954798371e-05
798,15,1.7208742041e-05
None,0,0.0
