3,148466,0.170089085227
2,141925,0.162595432091
1,140506,0.160969764181
0,124842,0.143024406786
4,123915,0.141962395403
5,93621,0.107256275834
6,58322,0.0668162113116
7,20040,0.0229586926835
8,10350,0.0118574086464
9,4628,0.00530203741213
10,2463,0.00282171956484
11,2297,0.00263154276916
12,740,0.000847776077134
13,439,0.000502937429543
14,66,7.56124609336e-05
15,62,7.10298875436e-05
16,39,4.46800905517e-05
18,25,2.8641083687e-05
20,19,2.17672236021e-05
17,16,1.83302935597e-05
24,14,1.60390068647e-05
19,13,1.48933635172e-05
21,9,1.03107901273e-05
23,7,8.01950343235e-06
26,7,8.01950343235e-06
22,6,6.87386008487e-06
32,5,5.72821673739e-06
25,4,4.58257338991e-06
28,4,4.58257338991e-06
30,3,3.43693004243e-06
40,2,2.29128669496e-06
27,2,2.29128669496e-06
41,2,2.29128669496e-06
45,2,2.29128669496e-06
35,1,1.14564334748e-06
37,1,1.14564334748e-06
49,1,1.14564334748e-06
51,1,1.14564334748e-06
53,1,1.14564334748e-06
180,1,1.14564334748e-06
36,1,1.14564334748e-06
48,1,1.14564334748e-06
56,1,1.14564334748e-06
66,1,1.14564334748e-06
103,1,1.14564334748e-06
