2,261317,0.444148515777
3,153330,0.260607966279
1,77323,0.131422355551
4,52245,0.0887984295196
5,25530,0.0433921696935
6,5930,0.0100789489339
7,3629,0.00616804480288
9,1539,0.00261576769127
8,1458,0.00247809570752
14,846,0.00143790738585
11,838,0.00142431015288
10,806,0.00136992122103
12,676,0.00114896618538
41,360,0.000611875483339
13,311,0.00052859243144
33,273,0.000464005574866
15,256,0.000435111454819
16,228,0.000387521139448
29,187,0.000317835320512
40,177,0.000300838779308
17,154,0.00026174673454
26,125,0.000212456765048
21,84,0.000142770946112
46,64,0.000108777863705
36,56,9.51806307416e-05
19,56,9.51806307416e-05
23,42,7.13854730562e-05
30,38,6.45868565747e-05
24,37,6.28872024543e-05
25,35,5.94878942135e-05
22,34,5.77882400931e-05
1000,34,5.77882400931e-05
18,32,5.43889318524e-05
60,29,4.92899694912e-05
20,26,4.419100713e-05
28,26,4.419100713e-05
51,24,4.07916988893e-05
37,20,3.39930824077e-05
32,15,2.54948118058e-05
39,15,2.54948118058e-05
65,15,2.54948118058e-05
66,14,2.37951576854e-05
34,13,2.2095503565e-05
38,10,1.69965412039e-05
35,9,1.52968870835e-05
43,9,1.52968870835e-05
57,9,1.52968870835e-05
27,8,1.35972329631e-05
61,8,1.35972329631e-05
64,8,1.35972329631e-05
42,7,1.18975788427e-05
136,6,1.01979247223e-05
31,6,1.01979247223e-05
134,5,8.49827060193e-06
45,4,6.79861648155e-06
102,4,6.79861648155e-06
52,3,5.09896236116e-06
55,2,3.39930824077e-06
88,2,3.39930824077e-06
48,1,1.69965412039e-06
56,1,1.69965412039e-06
113,1,1.69965412039e-06
117,1,1.69965412039e-06
126,1,1.69965412039e-06
62,1,1.69965412039e-06
75,1,1.69965412039e-06
99,1,1.69965412039e-06
None,0,0.0
