CA,72274,0.0828002272956
TX,51828,0.0593764034131
NY,49988,0.0572684196537
FL,41786,0.0478718529177
ZZ,41290,0.0473036138174
PA,28363,0.0324938822645
IL,28154,0.0322544428049
OH,26074,0.0298715046421
NJ,23663,0.0271093585314
VA,21352,0.0244617767554
NC,21346,0.0244549028953
GA,19831,0.0227192532238
MI,18798,0.0215358036459
MA,18078,0.0207109404357
H9,17165,0.0196649680595
MD,14150,0.0162108533668
WA,14021,0.016063065375
MO,12950,0.0148360813498
AZ,12759,0.0146172634705
WI,12100,0.0138622845045
CO,11475,0.0131462574123
MN,11235,0.0128713030089
TN,11187,0.0128163121282
IN,10770,0.0123385788523
LA,7955,0.00911359282919
CT,7938,0.00909411689228
07,7803,0.00893945504037
KY,7782,0.00891539653008
SC,7698,0.00881916248889
AL,7258,0.008315079416
02,7202,0.00825092338854
OR,7151,0.00819249557782
ON,6942,0.00795305611819
UT,6063,0.00694603561576
OK,5966,0.00683490821105
NV,5801,0.00664587705872
IA,5793,0.00663671191194
KS,5687,0.00651527371711
DE,5302,0.00607420102833
04,5102,0.00584507235883
AR,4244,0.0048621103667
NE,3833,0.00439125095088
DC,3734,0.00427783225948
MS,3523,0.00403610151317
QC,3359,0.00384821600418
NH,3296,0.00377604047329
WV,3054,0.0034987947832
NM,3027,0.00346786241282
ME,2971,0.00340370638536
05,2907,0.00333038521112
08,2847,0.00326164661027
ID,2633,0.00301647893391
00,2518,0.00288472994895
HI,2329,0.00266820335628
RI,2292,0.00262581455242
A7,2163,0.0024780265606
I2,2124,0.00243334647004
01,2110,0.00241730746318
06,1765,0.0020220605083
V2,1745,0.00199914764135
N7,1654,0.00189489409673
MT,1652,0.00189260281003
27,1627,0.00186396172635
ND,1627,0.00186396172635
AB,1616,0.00185135964952
09,1592,0.00182386420919
B7,1574,0.00180324262893
H3,1561,0.00178834926541
L9,1556,0.00178262104868
SD,1529,0.00175168867829
E4,1515,0.00173564967143
H2,1509,0.00172877581134
F8,1503,0.00172190195126
11,1485,0.00170128037101
BC,1451,0.00166232849719
F2,1436,0.00164514384698
A8,1431,0.00163941563024
G5,1417,0.00162337662338
J8,1389,0.00159129860965
17,1380,0.00158098781952
26,1357,0.00155463802253
21,1356,0.00155349237918
40,1353,0.00155005544914
15,1336,0.00153057951223
H8,1323,0.00151568614871
16,1265,0.00144923883456
VT,1258,0.00144121933113
03,1242,0.00142288903757
18,1242,0.00142288903757
I9,1219,0.00139653924058
C3,1146,0.00131290727621
U8,1120,0.00128312054918
null,1086,0.00124416867536
K2,1074,0.00123042095519
H4,1036,0.00118688650799
12,1031,0.00118115829125
20,1023,0.00117199314447
AK,1015,0.00116282799769
14,1003,0.00114908027752
J1,983,0.00112616741057
13,980,0.00112273048053
WY,957,0.00109638068354
E6,935,0.00107117652989
P6,925,0.00105972009642
B4,918,0.00105170059298
I7,917,0.00105055494964
B9,891,0.0010207682226
M3,873,0.00100014664235
10,857,0.000981816348789
19,833,0.000954320908449
N5,785,0.00089933002777
M4,784,0.000898184384423
H7,748,0.000856941223914
R3,745,0.000853504293871
B6,730,0.000836319643659
D4,713,0.000816843706752
N4,705,0.000807678559972
C5,699,0.000800804699887
Q4,683,0.000782474406328
I6,667,0.000764144112768
X5,656,0.000751542035946
Q3,635,0.000727483525649
B8,635,0.000727483525649
28,635,0.000727483525649
D9,631,0.000722900952259
K7,625,0.000716027092174
C8,581,0.000665618784885
K4,576,0.000659890568147
N1,570,0.000653016708063
P3,565,0.000647288491325
29,560,0.000641560274588
25,558,0.000639268987893
B2,526,0.000602608400774
NS,525,0.000601462757426
34,521,0.000596880184036
V1,520,0.000595734540689
Z1,520,0.000595734540689
C7,510,0.000584278107214
23,508,0.000581986820519
G6,499,0.000571676030392
30,493,0.000564802170307
T5,489,0.000560219596917
MB,465,0.000532724156577
Q5,446,0.000510956932975
P8,445,0.000509811289628
E2,439,0.000502937429543
I3,432,0.000494917926111
F9,431,0.000493772282763
C9,428,0.000490335352721
G8,426,0.000488044066026
D3,423,0.000484607135983
D8,423,0.000484607135983
G1,422,0.000483461492636
K6,418,0.000478878919246
C6,412,0.000472005059161
N6,409,0.000468568129119
NB,405,0.000463985555729
K3,404,0.000462839912381
A2,403,0.000461694269034
J9,398,0.000455966052296
A4,390,0.000446800905517
A9,386,0.000442218332127
K8,376,0.000430761898652
56,371,0.000425033681914
H5,368,0.000421596751872
G7,367,0.000420451108525
SK,366,0.000419305465177
M1,357,0.00040899467505
51,356,0.000407849031702
44,352,0.000403266458312
P7,349,0.00039982952827
F4,345,0.00039524695488
N2,341,0.00039066438149
A1,341,0.00039066438149
B5,341,0.00039066438149
D7,339,0.000388373094795
P9,332,0.000380353591363
22,328,0.000375771017973
L3,327,0.000374625374625
B1,326,0.000373479731278
L7,316,0.000362023297803
J7,316,0.000362023297803
D6,316,0.000362023297803
D2,314,0.000359732011108
O8,305,0.000349421220981
A3,299,0.000342547360896
B3,295,0.000337964787506
L1,293,0.000335673500811
M9,291,0.000333382214116
I1,289,0.000331090927421
U3,288,0.000329945284074
K9,277,0.000317343207251
F6,276,0.000316197563904
O7,269,0.000308178060472
K1,266,0.000304741130429
I4,264,0.000302449843734
P2,264,0.000302449843734
E5,260,0.000297867270344
L2,260,0.000297867270344
N3,255,0.000292139053607
32,253,0.000289847766912
J5,252,0.000288702123565
X4,251,0.000287556480217
N8,250,0.00028641083687
V8,245,0.000280682620132
Y9,245,0.000280682620132
A5,242,0.00027724569009
A6,221,0.000253187179793
60,218,0.00024975024975
Y6,214,0.00024516767636
24,211,0.000241730746318
C1,209,0.000239439459623
D5,200,0.000229128669496
E7,198,0.000226837382801
L6,191,0.000218817879368
NL,190,0.000217672236021
J3,190,0.000217672236021
M7,185,0.000211944019283
J6,185,0.000211944019283
Z4,181,0.000207361445894
M2,180,0.000206215802546
M5,179,0.000205070159199
Y4,178,0.000203924515851
E3,174,0.000199341942461
C2,171,0.000195905012419
97,170,0.000194759369071
AE,169,0.000193613725724
J2,167,0.000191322439029
O2,166,0.000190176795681
N9,162,0.000185594222291
42,157,0.000179866005554
U9,156,0.000178720362207
W1,156,0.000178720362207
Q1,152,0.000174137788817
P4,148,0.000169555215427
31,147,0.000168409572079
W9,147,0.000168409572079
35,145,0.000166118285384
Y1,145,0.000166118285384
K5,144,0.000164972642037
X7,144,0.000164972642037
Z7,142,0.000162681355342
78,141,0.000161535711994
58,131,0.00015007927852
E9,128,0.000146642348477
O3,126,0.000144351061782
Z5,126,0.000144351061782
Y5,126,0.000144351061782
F7,126,0.000144351061782
W5,125,0.000143205418435
G2,123,0.00014091413174
53,122,0.000139768488392
O1,118,0.000135185915002
48,115,0.00013174898496
38,113,0.000129457698265
E1,112,0.000128312054918
D1,111,0.00012716641157
U4,109,0.000124875124875
W2,106,0.000121438194833
X3,103,0.00011800126479
L5,101,0.000115709978095
Z8,98,0.000112273048053
O4,98,0.000112273048053
F5,98,0.000112273048053
55,96,0.000109981761358
ERROR,96,0.000109981761358
37,94,0.000107690474663
99,91,0.000104253544621
Z3,90,0.000103107901273
O6,90,0.000103107901273
J4,89,0.000101962257926
59,87,9.96709712306e-05
83,85,9.73796845356e-05
S5,83,9.50883978407e-05
Y7,82,9.39427544932e-05
S6,82,9.39427544932e-05
52,81,9.27971111457e-05
V3,81,9.27971111457e-05
81,80,9.16514677983e-05
39,79,9.05058244508e-05
PE,77,8.82145377558e-05
W4,75,8.59232510609e-05
Q2,75,8.59232510609e-05
W6,73,8.36319643659e-05
54,72,8.24863210184e-05
V7,72,8.24863210184e-05
47,69,7.9049390976e-05
Z6,68,7.79037476285e-05
X9,66,7.56124609336e-05
L8,65,7.44668175861e-05
V4,65,7.44668175861e-05
W7,65,7.44668175861e-05
G9,64,7.33211742386e-05
R8,63,7.21755308911e-05
46,63,7.21755308911e-05
66,62,7.10298875436e-05
68,62,7.10298875436e-05
98,60,6.87386008487e-05
U2,59,6.75929575012e-05
86,58,6.64473141537e-05
57,56,6.41560274588e-05
Y8,55,6.30103841113e-05
T1,54,6.18647407638e-05
T6,54,6.18647407638e-05
X8,54,6.18647407638e-05
77,52,5.95734540689e-05
73,51,5.84278107214e-05
T2,50,5.72821673739e-05
45,49,5.61365240264e-05
61,48,5.4990880679e-05
Y3,46,5.2699593984e-05
X6,46,5.2699593984e-05
S9,45,5.15539506365e-05
Z2,44,5.0408307289e-05
33,43,4.92626639416e-05
T7,42,4.81170205941e-05
AP,42,4.81170205941e-05
X1,41,4.69713772466e-05
72,41,4.69713772466e-05
36,40,4.58257338991e-05
82,39,4.46800905517e-05
41,37,4.23888038567e-05
Q6,37,4.23888038567e-05
X2,37,4.23888038567e-05
T9,36,4.12431605092e-05
T8,35,4.00975171617e-05
50,35,4.00975171617e-05
74,35,4.00975171617e-05
Y2,33,3.78062304668e-05
V6,32,3.66605871193e-05
43,32,3.66605871193e-05
R4,32,3.66605871193e-05
Q7,31,3.55149437718e-05
Q8,31,3.55149437718e-05
L4,31,3.55149437718e-05
V5,29,3.32236570769e-05
65,29,3.32236570769e-05
84,28,3.20780137294e-05
U1,27,3.09323703819e-05
R6,27,3.09323703819e-05
S1,27,3.09323703819e-05
80,25,2.8641083687e-05
87,24,2.74954403395e-05
F1,22,2.52041536445e-05
O9,22,2.52041536445e-05
62,21,2.4058510297e-05
91,20,2.29128669496e-05
P1,20,2.29128669496e-05
71,20,2.29128669496e-05
75,20,2.29128669496e-05
Q9,19,2.17672236021e-05
85,19,2.17672236021e-05
P5,18,2.06215802546e-05
U6,18,2.06215802546e-05
49,17,1.94759369071e-05
76,15,1.71846502122e-05
70,14,1.60390068647e-05
R2,14,1.60390068647e-05
88,14,1.60390068647e-05
S7,14,1.60390068647e-05
63,13,1.48933635172e-05
R9,13,1.48933635172e-05
NT,12,1.37477201697e-05
79,11,1.26020768223e-05
YT,10,1.14564334748e-05
R7,10,1.14564334748e-05
M6,9,1.03107901273e-05
T3,7,8.01950343235e-06
E8,7,8.01950343235e-06
67,7,8.01950343235e-06
90,7,8.01950343235e-06
W8,6,6.87386008487e-06
H1,5,5.72821673739e-06
S2,5,5.72821673739e-06
I8,5,5.72821673739e-06
64,5,5.72821673739e-06
93,5,5.72821673739e-06
T4,4,4.58257338991e-06
H6,4,4.58257338991e-06
89,4,4.58257338991e-06
F3,4,4.58257338991e-06
U5,2,2.29128669496e-06
NU,2,2.29128669496e-06
G3,2,2.29128669496e-06
92,2,2.29128669496e-06
S3,2,2.29128669496e-06
R1,1,1.14564334748e-06
R5,1,1.14564334748e-06
S4,1,1.14564334748e-06
O5,1,1.14564334748e-06
69,1,1.14564334748e-06
W3,1,1.14564334748e-06
