25000,233454,0.276091337421
100000,120661,0.142698162655
35000,108847,0.128726489177
15000,97647,0.115480954814
45000,63014,0.0745226877081
55000,54492,0.0644442552225
75000,36142,0.0427428663336
65000,36077,0.0426659949289
85000,27355,0.0323510350439
300000,20891,0.0247064694974
9500,9512,0.0112492431123
8500,7648,0.00904480775053
7500,5733,0.00678005790191
5500,5321,0.00629281145928
6500,5141,0.00607993679988
500000,3875,0.0045827183621
5000000,3569,0.00422083144111
4500,2264,0.00267749016046
700000,2103,0.002487085604
3500,732,0.000865690281562
900000,667,0.000788818876779
875,215,0.000254266954284
2500,123,0.00014546435059
1125,38,4.49402058734e-05
1875,18,2.12874659401e-05
450,17,2.01048289434e-05
1625,6,7.09582198002e-06
1375,5,5.91318498335e-06
625,1,1.18263699667e-06
None,0,0.0
