0,259020,0.278692334508
501,58608,0.063059224542
803,30505,0.0328218271337
504,23241,0.0250061329098
511,22492,0.0242002470379
602,22338,0.0240345508773
807,20982,0.0225755639049
623,19602,0.0210907541542
506,18993,0.0204355011556
524,17027,0.0183201852354
618,15360,0.0165265780945
539,11002,0.0118375919399
819,10681,0.0114922122805
505,10608,0.0114136679965
613,10406,0.0111963262794
534,10324,0.0111080984536
753,10090,0.0108563263655
560,10085,0.01085094662
510,9832,0.0105787314991
751,8938,0.0096168330084
528,8466,0.0091089850357
517,7511,0.00808145365026
508,6825,0.0073433525713
616,6661,0.00716689691977
535,6487,0.0069796817773
609,6307,0.00678601094025
533,6296,0.00677417550021
770,6107,0.00657082112131
825,5990,0.00644493507723
820,5965,0.00641803634986
512,5961,0.00641373255349
862,5672,0.00610278326512
635,5234,0.00563151756164
617,5200,0.00559493529242
515,4998,0.00537759357529
527,4896,0.00526784676763
839,4746,0.00510645440343
659,4696,0.00505265694869
641,4532,0.00487620129716
567,4330,0.00465885958004
544,4176,0.00449316341945
518,3984,0.00428658119327
548,3958,0.00425860651681
566,3891,0.00418651792746
630,3841,0.00413272047273
514,3812,0.00410151794898
556,3627,0.00390246736646
521,3514,0.00378088511876
571,3449,0.00371094842761
650,3447,0.00370879652942
532,3431,0.0036915813439
563,3409,0.00366791046382
561,3158,0.00339784724105
622,3046,0.00327734094245
529,2965,0.00319018906577
790,2918,0.00313961945832
538,2818,0.00303202454885
542,2812,0.00302556885429
500,2712,0.00291797394482
577,2677,0.0028803157265
555,2658,0.0028598726937
640,2646,0.00284696130457
671,2578,0.00277379676613
652,2473,0.00266082211118
541,2455,0.00264145502748
557,2408,0.00259088542003
686,2327,0.00250373354336
679,2286,0.00245961963048
669,2211,0.00237892344837
744,2209,0.00237677155018
546,2194,0.00236063231376
693,2191,0.00235740446648
789,2103,0.00226272094615
678,2010,0.00216265768034
658,1976,0.00212607541112
547,1946,0.00209379693828
625,1910,0.00205506277087
564,1863,0.00200449316342
513,1856,0.00199696151976
573,1795,0.00193132862498
637,1781,0.00191626533765
752,1706,0.00183556915555
523,1702,0.00183126535917
716,1699,0.00182803751189
866,1684,0.00181189827547
575,1591,0.00171183500966
588,1587,0.00170753121328
619,1576,0.00169569577324
881,1574,0.00169354387505
519,1570,0.00168924007867
648,1544,0.00166126540221
507,1541,0.00165803755493
543,1533,0.00164942996217
722,1514,0.00162898692937
574,1497,0.00161069579476
545,1463,0.00157411352554
675,1440,0.00154936669636
551,1419,0.00152677176537
757,1416,0.00152354391809
530,1412,0.00151924012171
612,1397,0.00150310088529
691,1370,0.00147405025973
682,1364,0.00146759456517
718,1354,0.00145683507422
570,1283,0.0013804426885
604,1267,0.00136322750298
670,1254,0.00134924016475
632,1227,0.00132018953919
724,1192,0.00128253132088
531,1176,0.00126531613536
725,1176,0.00126531613536
811,1165,0.00125348069532
801,1137,0.00122335412067
636,1136,0.00122227817158
550,1093,0.0011760123605
702,1082,0.00116417692046
503,1068,0.00114911363314
855,1064,0.00114480983676
649,1039,0.00111791110939
520,1037,0.0011157592112
536,1023,0.00110069592387
765,1022,0.00109961997478
810,1013,0.00108993643293
509,994,0.00106949340013
709,992,0.00106734150194
642,968,0.00104151872367
698,960,0.00103291113091
605,955,0.00102753138544
522,882,0.000948987101522
502,841,0.00090487318864
687,836,0.000899493443166
828,835,0.000898417494072
610,833,0.000896265595882
592,830,0.000893037748598
540,815,0.000876898512178
705,779,0.000838164344769
804,779,0.000838164344769
634,775,0.00083386054839
611,771,0.000829556752011
633,766,0.000824177006537
516,764,0.000822025108348
800,750,0.000806961821022
584,738,0.000794050431886
868,675,0.00072626563892
600,672,0.000723037791636
651,660,0.0007101264025
743,644,0.000692911216985
692,634,0.000682151726038
525,632,0.000679999827848
526,631,0.000678923878753
628,604,0.000649873253197
676,602,0.000647721355007
624,590,0.000634809965871
746,575,0.00061867072945
576,574,0.000617594780356
627,573,0.000616518831261
656,529,0.000569177071094
813,518,0.000557341631053
582,517,0.000556265681958
762,513,0.000551961885579
673,512,0.000550885936485
537,510,0.000548734038295
764,503,0.000541202394632
606,503,0.000541202394632
758,475,0.000511075819981
598,472,0.000507847972697
549,468,0.000503544176318
773,463,0.000498164430844
662,462,0.00049708848175
569,462,0.00049708848175
657,458,0.000492784685371
603,453,0.000487404939897
581,451,0.000485253041708
559,445,0.00047879734714
756,428,0.00046050621253
644,421,0.000452974568867
736,416,0.000447594823394
643,415,0.000446518874299
565,412,0.000443291027015
554,396,0.0004260758415
553,392,0.000421772045121
759,367,0.000394873317754
710,363,0.000390569521375
717,326,0.000350759404871
754,307,0.000330316372072
771,300,0.000322784728409
597,292,0.000314177135651
737,288,0.000309873339273
734,270,0.000290506255568
821,258,0.000277594866432
661,235,0.000252848037254
639,225,0.000242088546307
767,222,0.000238860699023
558,218,0.000234556902644
755,204,0.000219493615318
647,182,0.000195822735235
802,181,0.00019474678614
749,174,0.000187215142477
638,172,0.000185063244288
760,172,0.000185063244288
631,165,0.000177531600625
745,157,0.000168924007867
711,151,0.000162468313299
596,141,0.000151708822352
766,132,0.0001420252805
626,123,0.000132341738648
552,98,0.00010544301128
740,91,9.79113676174e-05
747,82,8.82278257651e-05
583,37,3.98101165038e-05
798,14,1.50632873258e-05
None,0,0.0
