3,168709,0.18135448557
2,157626,0.169440765712
1,142929,0.153642160572
4,133412,0.143411819339
0,112105,0.120507765471
5,104469,0.112299413505
6,60799,0.0653561538991
7,22229,0.0238951618451
8,11339,0.0121889081903
9,6287,0.00675823845069
10,4110,0.00441806267414
11,2887,0.00310339341612
12,1534,0.00164898008324
13,758,0.000814815451825
14,206,0.000221440610918
15,184,0.000197791613636
16,125,0.000134369302742
17,80,8.59963537546e-05
18,80,8.59963537546e-05
19,56,6.01974476282e-05
20,54,5.80475387844e-05
24,36,3.86983591896e-05
21,35,3.76234047676e-05
22,35,3.76234047676e-05
26,21,2.25740428606e-05
23,20,2.14990884387e-05
27,17,1.82742251729e-05
25,16,1.71992707509e-05
28,14,1.50493619071e-05
30,9,9.67458979739e-06
32,8,8.59963537546e-06
36,7,7.52468095353e-06
31,7,7.52468095353e-06
33,5,5.37477210966e-06
29,5,5.37477210966e-06
39,4,4.29981768773e-06
37,4,4.29981768773e-06
35,3,3.2248632658e-06
43,2,2.14990884387e-06
48,2,2.14990884387e-06
52,2,2.14990884387e-06
53,2,2.14990884387e-06
60,2,2.14990884387e-06
69,2,2.14990884387e-06
75,2,2.14990884387e-06
40,2,2.14990884387e-06
45,2,2.14990884387e-06
49,2,2.14990884387e-06
55,2,2.14990884387e-06
44,1,1.07495442193e-06
47,1,1.07495442193e-06
54,1,1.07495442193e-06
70,1,1.07495442193e-06
72,1,1.07495442193e-06
76,1,1.07495442193e-06
77,1,1.07495442193e-06
79,1,1.07495442193e-06
93,1,1.07495442193e-06
104,1,1.07495442193e-06
110,1,1.07495442193e-06
113,1,1.07495442193e-06
179,1,1.07495442193e-06
216,1,1.07495442193e-06
34,1,1.07495442193e-06
38,1,1.07495442193e-06
41,1,1.07495442193e-06
42,1,1.07495442193e-06
46,1,1.07495442193e-06
50,1,1.07495442193e-06
71,1,1.07495442193e-06
73,1,1.07495442193e-06
78,1,1.07495442193e-06
85,1,1.07495442193e-06
92,1,1.07495442193e-06
158,1,1.07495442193e-06
