2,282096,0.431631163569
3,178326,0.272854130773
1,83956,0.128459907154
4,60113,0.0919780646859
5,28856,0.0441521640007
6,7693,0.0117709522338
7,3419,0.00523136431656
9,1484,0.00227064774664
8,1405,0.00214977094611
10,1313,0.00200900302651
11,825,0.00126232101818
14,627,0.000959363973817
12,627,0.000959363973817
15,279,0.000426894017057
16,260,0.000397822381487
17,221,0.000338149024264
13,208,0.00031825790519
29,181,0.000276945580958
41,179,0.000273885408793
39,154,0.000235633256727
24,130,0.000198911190744
33,127,0.000194320932496
36,115,0.000175959899504
26,110,0.000168309469091
31,74,0.000113226370116
21,73,0.000111696284033
18,56,8.5684820628e-05
19,56,8.5684820628e-05
30,54,8.26246484627e-05
40,53,8.10945623801e-05
34,50,7.65043041322e-05
23,35,5.35530128925e-05
25,31,4.74326685619e-05
1000,30,4.59025824793e-05
28,27,4.13123242314e-05
22,26,3.97822381487e-05
32,25,3.82521520661e-05
37,23,3.51919799008e-05
60,20,3.06017216529e-05
42,17,2.60114634049e-05
46,15,2.29512912396e-05
56,14,2.1421205157e-05
61,14,2.1421205157e-05
136,13,1.98911190744e-05
20,13,1.98911190744e-05
35,12,1.83610329917e-05
38,11,1.68309469091e-05
52,11,1.68309469091e-05
134,11,1.68309469091e-05
43,9,1.37707747438e-05
102,9,1.37707747438e-05
45,8,1.22406886611e-05
47,6,9.18051649586e-06
51,6,9.18051649586e-06
44,5,7.65043041322e-06
27,5,7.65043041322e-06
94,5,7.65043041322e-06
65,5,7.65043041322e-06
55,4,6.12034433057e-06
66,3,4.59025824793e-06
145,3,4.59025824793e-06
48,3,4.59025824793e-06
62,2,3.06017216529e-06
64,2,3.06017216529e-06
77,2,3.06017216529e-06
86,2,3.06017216529e-06
108,1,1.53008608264e-06
112,1,1.53008608264e-06
50,1,1.53008608264e-06
128,1,1.53008608264e-06
73,1,1.53008608264e-06
91,1,1.53008608264e-06
96,1,1.53008608264e-06
49,1,1.53008608264e-06
53,1,1.53008608264e-06
75,1,1.53008608264e-06
78,1,1.53008608264e-06
None,0,0.0
