CA,70837,0.0761465463864
TX,56510,0.0607456743834
NY,51997,0.0558944050772
FL,44705,0.0480558374325
ZZ,40009,0.0430078514671
PA,29175,0.0313617952599
IL,27942,0.0300363764576
OH,26946,0.0289657218534
NC,25695,0.0276209538716
NJ,24909,0.0267760396959
GA,22741,0.0244455385092
H9,21985,0.0236328729662
VA,21239,0.0228309569674
MI,19242,0.0206842729868
MA,19185,0.0206230005848
WA,13663,0.0146871022669
MD,13114,0.0140969522892
MO,12769,0.0137260930137
AZ,12561,0.0135025024939
MN,11908,0.0128005572564
WI,11871,0.0127607839428
CO,11731,0.0126102903237
TN,11322,0.0121706339651
IN,10752,0.0115579099446
07,10186,0.0109494857418
CT,8922,0.00959074335248
SC,8913,0.00958106876268
02,8583,0.00922633380345
AL,8238,0.00885547452788
LA,8179,0.00879205221699
OR,7585,0.00815352929036
KY,7400,0.0079546627223
OK,6846,0.00735913797255
ON,6749,0.00725486739362
UT,6027,0.00647875030099
NV,6017,0.00646800075677
KS,5895,0.00633685631729
IA,5880,0.00632073200096
04,5767,0.00619926215128
DE,5265,0.00565963503147
DC,4585,0.00492866602456
AR,4211,0.00452663307076
NE,3992,0.00429121805235
MS,3815,0.00410095111967
00,3576,0.00384403701283
05,3354,0.00360539713116
QC,3307,0.00355487427333
NM,3234,0.00347640260053
WV,3187,0.0034258797427
ME,3169,0.0034065305631
NH,3135,0.00336998211276
08,3038,0.00326571153383
01,2768,0.00297547383991
I2,2696,0.00289807712153
A7,2534,0.00272393450518
RI,2470,0.00265513742217
ID,2448,0.00263148842489
V2,2260,0.00242939699357
09,2249,0.00241757249493
HI,2212,0.00237779918131
06,2204,0.00236919954594
N7,2108,0.00226600392143
F8,2009,0.00215958343366
H3,1931,0.00207573698875
L9,1911,0.00205423790031
BC,1902,0.00204456331052
H2,1875,0.00201553954112
E4,1805,0.00194029273159
16,1801,0.0019359929139
B7,1800,0.00193491795948
AB,1769,0.0019015943724
F2,1752,0.00188332014723
A8,1737,0.0018671958309
H8,1734,0.00186397096763
11,1716,0.00184462178804
G5,1701,0.00182849747171
27,1654,0.00177797461388
J8,1648,0.00177152488734
ND,1644,0.00176722506966
MT,1628,0.00175002579891
03,1610,0.00173067661931
15,1563,0.00168015376148
26,1549,0.00166510439957
SD,1501,0.00161350658732
17,1449,0.00155760895738
C3,1436,0.0015436345499
U8,1354,0.0014554882873
I9,1351,0.00145226342403
12,1347,0.00144796360634
21,1330,0.00142968938117
18,1316,0.00141464001926
14,1284,0.00138024147776
K2,1275,0.00137056688796
VT,1259,0.00135336761721
13,1256,0.00135014275395
H4,1251,0.00134476798184
10,1184,0.00127274603557
B4,1131,0.00121577345121
P6,1131,0.00121577345121
B9,1120,0.00120394895256
20,1119,0.00120287399814
E6,1107,0.00118997454508
J1,1071,0.00115127618589
I7,1030,0.00110720305459
M3,999,0.00107387946751
M4,996,0.00107065460424
R3,963,0.00103518110832
N5,958,0.00102980633621
WY,955,0.00102658147295
19,938,0.00100830724777
H7,930,0.000999707612397
AK,885,0.00095133466341
25,862,0.000926610711706
D4,846,0.000909411440955
B6,840,0.000902961714423
C5,817,0.000878237762719
X5,812,0.000872862990609
I6,793,0.000852438856592
K7,789,0.000848139038905
40,770,0.000827714904888
N4,769,0.000826639950466
D9,766,0.0008234150872
B8,758,0.000814815451825
null,742,0.000797616181074
Q3,737,0.000792241408964
C8,735,0.00079009150012
28,731,0.000785791682433
Q4,705,0.000757842867462
23,694,0.000746018368821
N1,691,0.000742793505555
P3,690,0.000741718551133
44,682,0.000733118915758
C7,661,0.000710544872897
T5,651,0.000699795328678
K4,641,0.000689045784459
29,622,0.000668621650442
B2,619,0.000665396787176
V1,616,0.00066217192391
Z1,601,0.000646047607581
P8,581,0.000624548519143
34,578,0.000621323655877
Q5,561,0.000603049430704
D8,542,0.000582625296687
G6,531,0.000570800798046
I3,528,0.00056757593478
C9,524,0.000563276117093
C6,522,0.000561126208249
F9,513,0.000551451618451
G1,506,0.000543926937498
30,504,0.000541777028654
K3,498,0.000535327302122
J9,495,0.000532102438857
N6,481,0.00051705307695
NS,480,0.000515978122528
56,477,0.000512753259262
G7,477,0.000512753259262
G8,475,0.000510603350418
MB,472,0.000507378487152
E2,472,0.000507378487152
F4,471,0.00050630353273
M1,469,0.000504153623886
A4,463,0.000497703897355
H5,463,0.000497703897355
A9,456,0.000490179216401
K6,450,0.00048372948987
A2,447,0.000480504626604
D3,446,0.000479429672182
I1,446,0.000479429672182
N2,435,0.000467605173541
P7,433,0.000465455264697
B1,413,0.000443956176258
L3,412,0.000442881221836
51,406,0.000436431495305
B5,405,0.000435356540883
D7,402,0.000432131677617
D2,397,0.000426756905507
K8,393,0.000422457087819
A1,389,0.000418157270132
A3,386,0.000414932406866
J7,381,0.000409557634756
SK,379,0.000407407725912
D6,378,0.00040633277149
M9,375,0.000403107908225
NB,363,0.000390208455162
B3,359,0.000385908637474
22,357,0.00038375872863
K9,355,0.000381608819786
L1,346,0.000371934229989
P9,343,0.000368709366723
E5,328,0.000352585050394
N3,323,0.000347210278284
U3,316,0.000339685597331
O8,316,0.000339685597331
P2,315,0.000338610642909
L7,312,0.000335385779643
J5,309,0.000332160916377
K1,307,0.000330011007533
O7,306,0.000328936053111
A5,304,0.000326786144267
X4,302,0.000324636235424
F6,298,0.000320336417736
Y6,291,0.000312811736782
78,285,0.000306362010251
I4,283,0.000304212101407
N8,274,0.00029453751161
Y9,267,0.000287012830656
D5,264,0.00028378796739
L2,260,0.000279488149702
60,253,0.000271963468749
A6,250,0.000268738605483
24,245,0.000263363833373
N9,241,0.000259064015686
V8,239,0.000256914106842
L6,238,0.00025583915242
O2,234,0.000251539334732
E7,233,0.00025046438031
C1,231,0.000248314471466
K5,224,0.000240789790513
97,220,0.000236489972825
E3,212,0.00022789033745
Y4,212,0.00022789033745
Z4,211,0.000226815383028
NL,209,0.000224665474184
M5,209,0.000224665474184
U9,204,0.000219290702074
J2,200,0.000214990884387
M7,197,0.000211766021121
32,196,0.000210691066699
W1,194,0.000208541157855
W9,193,0.000207466203433
48,187,0.000201016476901
F7,180,0.000193491795948
G2,177,0.000190266932682
J6,177,0.000190266932682
Z7,171,0.00018381720615
53,170,0.000182742251729
35,169,0.000181667297307
AE,168,0.000180592342885
Z5,167,0.000179517388463
P4,166,0.000178442434041
J3,163,0.000175217570775
M2,161,0.000173067661931
Q1,159,0.000170917753087
O1,155,0.0001666179354
C2,153,0.000164468026556
58,152,0.000163393072134
W5,150,0.00016124316329
X3,149,0.000160168208868
E9,148,0.000159093254446
O3,147,0.000158018300024
83,147,0.000158018300024
Y1,141,0.000151568573492
Y5,140,0.000150493619071
31,140,0.000150493619071
52,140,0.000150493619071
X7,139,0.000149418664649
42,135,0.000145118846961
D1,134,0.000144043892539
L5,128,0.000137594166007
Q2,127,0.000136519211585
W2,123,0.000132219393898
86,120,0.000128994530632
81,115,0.000123619758522
59,114,0.0001225448041
E1,112,0.000120394895256
66,111,0.000119319940835
55,109,0.000117170031991
U4,106,0.000113945168725
ERROR,101,0.000108570396615
O6,100,0.000107495442193
73,100,0.000107495442193
38,99,0.000106420487771
O4,99,0.000106420487771
F5,98,0.000105345533349
S6,97,0.000104270578927
W4,93,9.99707612397e-05
W6,92,9.88958068178e-05
V3,92,9.88958068178e-05
J4,91,9.78208523959e-05
Y7,91,9.78208523959e-05
S5,90,9.67458979739e-05
Z8,89,9.5670943552e-05
54,89,9.5670943552e-05
Z3,89,9.5670943552e-05
57,87,9.35210347081e-05
L8,85,9.13711258643e-05
68,83,8.92212170204e-05
36,82,8.81462625985e-05
W7,81,8.70713081765e-05
R8,79,8.49213993327e-05
77,78,8.38464449107e-05
39,77,8.27714904888e-05
T2,77,8.27714904888e-05
V7,77,8.27714904888e-05
47,75,8.06215816449e-05
37,75,8.06215816449e-05
X9,72,7.73967183791e-05
72,70,7.52468095353e-05
Z6,70,7.52468095353e-05
G9,70,7.52468095353e-05
99,70,7.52468095353e-05
PE,69,7.41718551133e-05
82,67,7.20219462695e-05
Y8,66,7.09469918475e-05
33,65,6.98720374256e-05
V4,65,6.98720374256e-05
84,63,6.77221285817e-05
98,63,6.77221285817e-05
X6,62,6.66471741598e-05
T6,61,6.55722197379e-05
X8,61,6.55722197379e-05
61,59,6.3422310894e-05
S9,59,6.3422310894e-05
Y3,59,6.3422310894e-05
T9,58,6.23473564721e-05
T1,56,6.01974476282e-05
87,56,6.01974476282e-05
74,54,5.80475387844e-05
71,53,5.69725843624e-05
X1,53,5.69725843624e-05
75,51,5.48226755186e-05
46,51,5.48226755186e-05
85,51,5.48226755186e-05
65,50,5.37477210966e-05
Z2,50,5.37477210966e-05
T8,50,5.37477210966e-05
80,49,5.26727666747e-05
50,48,5.15978122528e-05
R6,46,4.94479034089e-05
U2,46,4.94479034089e-05
X2,46,4.94479034089e-05
AP,44,4.7297994565e-05
Q6,43,4.62230401431e-05
Y2,42,4.51480857212e-05
Q7,40,4.29981768773e-05
43,39,4.19232224554e-05
45,39,4.19232224554e-05
V5,38,4.08482680334e-05
41,36,3.86983591896e-05
T7,35,3.76234047676e-05
V6,34,3.65484503457e-05
Q8,34,3.65484503457e-05
R4,34,3.65484503457e-05
49,33,3.54734959238e-05
P5,33,3.54734959238e-05
90,33,3.54734959238e-05
88,33,3.54734959238e-05
L4,33,3.54734959238e-05
U6,31,3.33235870799e-05
76,28,3.00987238141e-05
S1,28,3.00987238141e-05
R2,26,2.79488149702e-05
Q9,25,2.68738605483e-05
62,25,2.68738605483e-05
P1,24,2.57989061264e-05
79,23,2.47239517044e-05
91,21,2.25740428606e-05
O9,19,2.04241340167e-05
70,18,1.93491795948e-05
U1,18,1.93491795948e-05
M6,16,1.71992707509e-05
63,16,1.71992707509e-05
67,15,1.6124316329e-05
W8,13,1.39744074851e-05
S7,13,1.39744074851e-05
YT,12,1.28994530632e-05
NT,11,1.18244986413e-05
H1,10,1.07495442193e-05
E8,10,1.07495442193e-05
G3,10,1.07495442193e-05
R9,10,1.07495442193e-05
I8,9,9.67458979739e-06
R7,8,8.59963537546e-06
S3,8,8.59963537546e-06
H6,7,7.52468095353e-06
64,7,7.52468095353e-06
69,7,7.52468095353e-06
F1,7,7.52468095353e-06
S2,7,7.52468095353e-06
S4,7,7.52468095353e-06
T3,6,6.4497265316e-06
89,6,6.4497265316e-06
W3,5,5.37477210966e-06
92,5,5.37477210966e-06
NU,3,3.2248632658e-06
R5,3,3.2248632658e-06
F3,3,3.2248632658e-06
AA,3,3.2248632658e-06
U5,3,3.2248632658e-06
T4,2,2.14990884387e-06
C4,2,2.14990884387e-06
93,2,2.14990884387e-06
M8,1,1.07495442193e-06
G4,1,1.07495442193e-06
V9,1,1.07495442193e-06
O5,1,1.07495442193e-06
S8,1,1.07495442193e-06
