25000,208668,0.232303485866
100000,161260,0.17952565861
35000,137703,0.153300395433
15000,97639,0.108698411143
45000,59448,0.0661815785255
55000,52244,0.0581615931316
75000,37333,0.0415616483497
65000,37096,0.0412978037441
85000,34458,0.0383610017634
300000,26513,0.0295160845015
9500,8148,0.00907091074259
8500,6980,0.00777061327728
7500,6502,0.00723847099268
500000,5076,0.00565095028589
6500,5069,0.00564315740724
5500,4410,0.00490951354625
5000000,2522,0.0028076628489
900000,2291,0.00255049785362
4500,2136,0.00237794125505
700000,1516,0.0016877148608
3500,753,0.000838291088509
875,333,0.000370718369819
2500,132,0.000146951425874
1875,14,1.55857572897e-05
1125,9,1.00194154005e-05
1625,1,1.11326837783e-06
450,1,1.11326837783e-06
1375,1,1.11326837783e-06
None,0,0.0
