0,229381,0.254899498604
501,62030,0.0689308002774
803,30243,0.0336075156019
504,25066,0.0278545774585
511,24625,0.0273645164732
602,22474,0.0249742190139
807,21281,0.0236484984798
506,18696,0.020775918781
623,18484,0.0205403339082
524,15121,0.0168032021763
618,14795,0.0164409348719
819,10622,0.011803691126
505,10528,0.0116992336824
753,10253,0.0113936400974
613,10170,0.0113014063972
539,9838,0.0109324715965
534,9236,0.0102634994577
510,8991,0.00999124335473
751,8838,0.00982122219654
560,8686,0.00965231228775
528,8468,0.00941005991857
512,7257,0.00806433689526
517,6947,0.00771984958128
508,6917,0.00768651209928
616,6753,0.0075042671977
609,6537,0.00726423732731
535,6436,0.00715200113792
533,6360,0.00706754618353
770,6235,0.00692864000853
862,5720,0.00635634656757
825,5676,0.00630745159398
820,5548,0.00616521167079
515,5542,0.00615854417439
659,5422,0.0060251942464
617,5295,0.0058840655726
635,5218,0.00579849936881
527,4908,0.00545401205483
566,4732,0.00525843216045
641,4516,0.00501840229006
839,4375,0.00486171612467
544,4097,0.00455278879149
556,3929,0.00436609889231
514,3928,0.00436498764291
567,3906,0.00434054015611
548,3798,0.00422052522092
521,3688,0.00409828778692
518,3677,0.00408606404353
630,3596,0.00399605284213
532,3420,0.00380047294774
622,3292,0.00365823302455
563,3224,0.00358266806536
650,3202,0.00355822057856
529,3151,0.00350154685916
577,2969,0.00329929946838
542,2896,0.00321817826218
640,2886,0.00320706576818
561,2860,0.00317817328379
790,2857,0.00317483953559
571,2799,0.00311038707039
538,2746,0.00305149085219
555,2686,0.0029848158882
500,2578,0.00286480095301
541,2543,0.00282590722401
557,2540,0.00282257347581
652,2452,0.00272478352862
679,2393,0.00265921981402
671,2246,0.00249586615223
669,2241,0.00249030990523
686,2231,0.00247919741123
744,2190,0.00243363618584
693,2144,0.00238251871344
789,2096,0.00232917874224
573,2068,0.00229806375905
658,2065,0.00229473001085
625,2019,0.00224361253845
546,2017,0.00224139003965
513,1888,0.00209803886706
547,1858,0.00206470138506
678,1858,0.00206470138506
564,1738,0.00193135145707
716,1724,0.00191579396547
575,1714,0.00190468147147
866,1671,0.00185689774728
637,1661,0.00184578525328
752,1641,0.00182356026528
691,1632,0.00181355902068
619,1626,0.00180689152428
881,1619,0.00179911277848
722,1609,0.00178800028448
648,1602,0.00178022153868
523,1560,0.00173354906388
574,1549,0.00172132532048
588,1529,0.00169910033249
757,1528,0.00169798908309
551,1459,0.00162131287449
675,1449,0.00161020038049
543,1432,0.00159130914069
507,1426,0.00158464164429
682,1426,0.00158464164429
545,1341,0.0014901854453
670,1325,0.0014724054549
519,1308,0.0014535142151
632,1300,0.0014446242199
604,1297,0.0014412904717
725,1277,0.0014190654837
718,1254,0.00139350674751
531,1252,0.00139128424871
530,1250,0.00138906174991
612,1228,0.00136461426311
724,1197,0.00133016553171
811,1186,0.00131794178831
636,1170,0.00130016179791
702,1169,0.00129905054851
649,1166,0.00129571680031
570,1148,0.00127571431111
810,1117,0.00124126557972
855,1073,0.00119237060612
509,1063,0.00118125811212
801,1062,0.00118014686272
520,1033,0.00114792063012
765,1032,0.00114680938072
536,1028,0.00114236438312
642,1016,0.00112902939032
709,964,0.00107124442153
550,955,0.00106124317693
503,944,0.00104901943353
605,911,0.00101234820333
522,909,0.00101012570453
698,901,0.00100123570933
705,874,0.000971231975535
828,855,0.000950118236936
502,837,0.000930115747737
576,812,0.000902334512739
584,805,0.00089455576694
610,792,0.000880109524741
800,787,0.000874553277741
687,779,0.000865663282542
804,778,0.000864552033142
516,777,0.000863440783742
540,773,0.000858995786142
634,770,0.000855662037942
600,738,0.000820102057145
592,733,0.000814545810145
611,707,0.000785653325747
743,692,0.000768984584748
868,678,0.000753427093149
628,659,0.000732313354551
651,653,0.000725645858151
624,653,0.000725645858151
633,643,0.000714533364152
676,624,0.000693419625553
526,617,0.000685640879754
656,610,0.000677862133954
525,604,0.000671194637555
692,595,0.000661193392956
813,590,0.000655637145956
762,547,0.000607853421759
581,537,0.00059674092776
569,530,0.00058896218196
673,521,0.000578960937361
627,517,0.000574515939761
582,506,0.000562292196362
758,498,0.000553402201163
603,486,0.000540067208364
764,485,0.000538955958964
746,480,0.000533399711964
736,477,0.000530065963764
537,471,0.000523398467365
756,464,0.000515619721565
662,457,0.000507840975766
759,455,0.000505618476966
549,453,0.000503395978166
598,444,0.000493394733567
559,428,0.000475614743168
606,414,0.000460057251569
565,408,0.00045338975517
554,391,0.000434498515371
773,389,0.000432276016571
553,385,0.000427831018971
657,377,0.000418941023772
643,367,0.000407828529773
644,365,0.000405606030973
754,346,0.000384492292374
737,337,0.000374491047775
710,335,0.000372268548975
717,333,0.000370046050175
771,317,0.000352266059776
734,298,0.000331152321178
597,279,0.000310038582579
767,269,0.00029892608858
639,263,0.00029225859218
821,246,0.000273367352382
760,238,0.000264477357182
755,215,0.000238918620984
661,204,0.000226694877585
749,188,0.000208914887186
558,187,0.000207803637786
631,186,0.000206692388386
647,186,0.000206692388386
711,186,0.000206692388386
802,185,0.000205581138986
638,178,0.000197802393187
596,152,0.000168909908789
745,145,0.000161131162989
766,136,0.00015112991839
626,118,0.000131127429191
552,108,0.000120014935192
740,105,0.000116681186992
747,86,9.55674483936e-05
583,38,4.22274771972e-05
798,12,1.33349927991e-05
None,0,0.0
