2,159407,0.176891877646
1,157120,0.174354023448
3,152487,0.169212843517
0,128279,0.142349540312
4,118984,0.132034999528
5,89925,0.0997886046241
6,55427,0.0615066220572
7,18494,0.0205225516143
8,9541,0.0105875237889
9,4722,0.00523994207434
10,2633,0.00292180590464
11,2381,0.00264216477742
12,853,0.0009465630219
13,428,0.000474946041469
14,90,9.987183115e-05
15,66,7.32393428434e-05
16,58,6.43618467411e-05
18,36,3.994873246e-05
17,23,2.55228012939e-05
20,23,2.55228012939e-05
19,21,2.33034272683e-05
24,15,1.66453051917e-05
22,14,1.55356181789e-05
21,12,1.33162441533e-05
23,7,7.76780908945e-06
30,6,6.65812207667e-06
27,5,5.54843506389e-06
29,5,5.54843506389e-06
25,5,5.54843506389e-06
33,4,4.43874805111e-06
28,4,4.43874805111e-06
31,3,3.32906103833e-06
40,3,3.32906103833e-06
44,3,3.32906103833e-06
77,3,3.32906103833e-06
26,3,3.32906103833e-06
32,2,2.21937402556e-06
38,2,2.21937402556e-06
41,2,2.21937402556e-06
51,2,2.21937402556e-06
56,2,2.21937402556e-06
57,2,2.21937402556e-06
78,2,2.21937402556e-06
80,2,2.21937402556e-06
85,2,2.21937402556e-06
91,2,2.21937402556e-06
37,2,2.21937402556e-06
46,2,2.21937402556e-06
48,2,2.21937402556e-06
53,2,2.21937402556e-06
55,2,2.21937402556e-06
75,2,2.21937402556e-06
35,1,1.10968701278e-06
50,1,1.10968701278e-06
58,1,1.10968701278e-06
60,1,1.10968701278e-06
67,1,1.10968701278e-06
69,1,1.10968701278e-06
82,1,1.10968701278e-06
86,1,1.10968701278e-06
89,1,1.10968701278e-06
95,1,1.10968701278e-06
299,1,1.10968701278e-06
125,1,1.10968701278e-06
335,1,1.10968701278e-06
140,1,1.10968701278e-06
41983,1,1.10968701278e-06
595,1,1.10968701278e-06
598,1,1.10968701278e-06
429,1,1.10968701278e-06
43,1,1.10968701278e-06
45,1,1.10968701278e-06
249,1,1.10968701278e-06
62,1,1.10968701278e-06
66,1,1.10968701278e-06
71,1,1.10968701278e-06
298,1,1.10968701278e-06
165,1,1.10968701278e-06
168,1,1.10968701278e-06
182,1,1.10968701278e-06
585,1,1.10968701278e-06
591,1,1.10968701278e-06
197,1,1.10968701278e-06
5399,1,1.10968701278e-06
199,1,1.10968701278e-06
