2,266033,0.431246585713
3,166632,0.27011491458
1,78349,0.127005817865
4,56887,0.0922153436658
5,27897,0.0452217807626
6,7385,0.0119712818917
7,3808,0.00617286952519
9,1862,0.00301835164283
8,1605,0.00260174779095
10,884,0.00143298756835
14,877,0.00142164038172
11,847,0.00137300958189
12,742,0.00120280178248
41,331,0.000536559824799
15,319,0.000517107504867
13,278,0.000450645411765
40,255,0.000413361798562
33,250,0.000405256665256
16,243,0.000393909478629
29,226,0.000366352025392
17,189,0.000306374038934
26,127,0.00020587038595
21,111,0.000179933959374
24,58,9.40195463395e-05
36,52,8.42933863733e-05
19,51,8.26723597123e-05
1000,50,8.10513330513e-05
18,49,7.94303063902e-05
46,38,6.1599013119e-05
30,37,5.99779864579e-05
23,36,5.83569597969e-05
60,35,5.67359331359e-05
22,35,5.67359331359e-05
28,34,5.51149064749e-05
37,31,5.02518264918e-05
20,31,5.02518264918e-05
25,31,5.02518264918e-05
34,18,2.91784798985e-05
51,15,2.43153999154e-05
39,13,2.10733465933e-05
27,12,1.94523199323e-05
136,12,1.94523199323e-05
65,12,1.94523199323e-05
32,10,1.62102666103e-05
61,10,1.62102666103e-05
42,9,1.45892399492e-05
38,8,1.29682132882e-05
43,8,1.29682132882e-05
66,8,1.29682132882e-05
31,7,1.13471866272e-05
45,6,9.72615996615e-06
64,6,9.72615996615e-06
35,5,8.10513330513e-06
52,4,6.4841066441e-06
134,4,6.4841066441e-06
47,3,4.86307998308e-06
57,2,3.24205332205e-06
102,2,3.24205332205e-06
48,2,3.24205332205e-06
108,1,1.62102666103e-06
120,1,1.62102666103e-06
55,1,1.62102666103e-06
72,1,1.62102666103e-06
96,1,1.62102666103e-06
128,1,1.62102666103e-06
67,1,1.62102666103e-06
68,1,1.62102666103e-06
74,1,1.62102666103e-06
75,1,1.62102666103e-06
79,1,1.62102666103e-06
90,1,1.62102666103e-06
None,0,0.0
