CA,70539,0.0782762121944
TX,54612,0.0606022271418
NY,52997,0.0588100826162
ZZ,41906,0.0465025439575
FL,41131,0.0456425365226
PA,31624,0.0350927420921
IL,28086,0.0311666694409
NJ,27546,0.030567438454
OH,26321,0.0292080718633
VA,23726,0.0263284340652
NC,22890,0.0254007357225
GA,20574,0.0228307006009
MI,18940,0.021017472022
MA,18594,0.0206335203156
H9,17604,0.0195349301729
MD,15780,0.0175108610616
WA,13627,0.0151217049231
MO,13365,0.0148309669258
AZ,12669,0.0140586247649
TN,12504,0.0138755264078
WI,12219,0.0135592656091
MN,11765,0.0130554677053
CO,11413,0.0126648578768
IN,11022,0.0122309702548
CT,9212,0.0102224367617
07,8925,0.00990395658904
LA,8328,0.00924147344242
02,8169,0.00906503320738
AL,8106,0.00899512292558
SC,8052,0.00893519982689
KY,8013,0.00889192203339
OR,7218,0.00800972085823
UT,6169,0.00684565918183
OK,6163,0.00683900105975
IA,5954,0.00660707647408
ON,5808,0.00644506217021
KS,5633,0.00625086694298
NV,5614,0.00622978288974
DE,5534,0.00614100792871
04,5500,0.00610327857028
AR,4286,0.00475611853677
NE,4099,0.00454860706538
MS,3721,0.00412914537455
DC,3365,0.003734096798
WV,3179,0.00352769501362
NH,3168,0.00351548845648
00,3155,0.00350106252531
NM,3147,0.00349218502921
QC,3139,0.00348330753311
ME,3061,0.00339675194611
05,3030,0.00336235164872
08,2996,0.00332462229028
ID,2677,0.00297063213321
RI,2628,0.00291625746958
01,2290,0.00254118325926
HI,2199,0.0024402017411
A7,2159,0.00239581426059
I2,2056,0.00228151649827
06,1850,0.00205292097364
09,1712,0.00189978416588
MT,1712,0.00189978416588
V2,1675,0.0018587257464
N7,1651,0.0018320932581
H3,1639,0.00181877701394
27,1618,0.00179547358667
SD,1611,0.00178770577759
A8,1599,0.00177438953343
L9,1586,0.00175996360227
ND,1575,0.00174775704513
B7,1568,0.00173998923604
AB,1564,0.00173555048798
F8,1506,0.00167118864124
11,1502,0.00166674989319
H2,1479,0.0016412270919
F2,1477,0.00163900771787
BC,1474,0.00163567865683
G5,1473,0.00163456896982
26,1467,0.00162791084775
15,1405,0.00155911025295
H8,1400,0.00155356181789
E4,1397,0.00155023275685
16,1356,0.00150473558933
J8,1345,0.00149252903219
21,1300,0.00144259311661
17,1291,0.0014326059335
C3,1243,0.00137934095688
40,1242,0.00137823126987
VT,1242,0.00137823126987
03,1205,0.0013371728504
18,1160,0.00128723693482
I9,1146,0.00127170131664
U8,1135,0.0012594947595
null,1125,0.00124839788938
H4,1116,0.00123841070626
K2,1094,0.00121399759198
20,1065,0.00118181666861
WY,1063,0.00117959729458
12,1018,0.00112966137901
B9,997,0.00110635795174
E6,983,0.00109082233356
14,976,0.00108305452447
B4,952,0.00105642203616
P6,940,0.00104310579201
AK,925,0.00102646048682
J1,915,0.00101536361669
M4,878,0.000974305197219
13,862,0.000956550205015
10,855,0.000948782395925
I7,851,0.000944343647874
M3,825,0.000915491785542
H7,783,0.000868884931005
R3,763,0.00084669119075
B6,763,0.00084669119075
19,755,0.000837813694647
C5,729,0.000808961832315
N4,728,0.000807852145302
N5,721,0.000800084336213
25,703,0.000780109969983
D4,694,0.000770122786868
I6,693,0.000769013099855
Q3,679,0.000753477481676
B8,677,0.000751258107651
X5,658,0.000730174054408
28,645,0.000715748123242
C8,627,0.000695773757012
Q4,619,0.00068689626091
D9,612,0.00067912845182
K7,606,0.000672470329743
29,592,0.000656934711565
N1,560,0.000621424727156
23,560,0.000621424727156
P3,540,0.0005992309869
C7,535,0.000593682551836
B2,525,0.000582585681708
T5,520,0.000577037246645
Z1,520,0.000577037246645
K4,492,0.000545966010287
NS,492,0.000545966010287
MB,488,0.000541527262236
G6,486,0.00053930788821
I3,486,0.00053930788821
P8,476,0.000528211018082
C6,474,0.000525991644057
Q5,468,0.00051933352198
J9,464,0.000514894773929
V1,458,0.000508236651852
30,452,0.000501578529776
D8,444,0.000492701033673
E2,442,0.000490481659648
M1,442,0.000490481659648
34,439,0.00048715259861
A2,437,0.000484933224584
G1,436,0.000483823537571
F9,434,0.000481604163546
G7,433,0.000480494476533
G8,432,0.00047938478952
N6,425,0.000471616980431
C9,420,0.000466068545367
A4,418,0.000463849171341
K6,410,0.000454971675239
N2,402,0.000446094179137
H5,396,0.00043943605706
P7,390,0.000432777934983
A9,387,0.000429448873945
44,386,0.000428339186932
D3,383,0.000425010125894
56,380,0.000421681064856
SK,377,0.000418352003817
51,377,0.000418352003817
NB,373,0.000413913255766
F4,373,0.000413913255766
K8,372,0.000412803568753
B5,370,0.000410584194728
K3,370,0.000410584194728
D7,365,0.000405035759664
L3,363,0.000402816385638
22,342,0.00037951295837
I1,335,0.000371745149281
D6,335,0.000371745149281
A3,335,0.000371745149281
A1,332,0.000368416088242
B1,329,0.000365087027204
J7,324,0.00035953859214
M9,319,0.000353990157076
D2,304,0.000337344851885
K9,298,0.000330686729808
P9,296,0.000328467355782
O8,296,0.000328467355782
L1,292,0.000324028607731
L7,291,0.000322918920718
X4,290,0.000321809233706
I4,285,0.000316260798642
A5,283,0.000314041424616
K1,274,0.000304054241501
B3,268,0.000297396119425
J5,265,0.000294067058386
O7,262,0.000290737997348
P2,261,0.000289628310335
U3,254,0.000281860501246
E5,253,0.000280750814233
F6,252,0.00027964112722
N8,250,0.000277421753195
N3,242,0.000268544257092
D5,240,0.000266324883067
24,240,0.000266324883067
A6,237,0.000262995822028
L2,232,0.000257447386965
E7,231,0.000256337699952
Y9,228,0.000253008638913
Y6,216,0.00023969239476
NL,214,0.000237473020735
60,214,0.000237473020735
M5,208,0.000230814898658
V8,206,0.000228595524632
C1,195,0.000216388967492
O2,192,0.000213059906453
J2,191,0.000211950219441
L6,190,0.000210840532428
Y4,184,0.000204182410351
97,182,0.000201963036326
K5,180,0.0001997436623
31,180,0.0001997436623
N9,178,0.000197524288274
Z4,178,0.000197524288274
35,176,0.000195304914249
W1,172,0.000190866166198
J6,170,0.000188646792172
J3,169,0.000187537105159
C2,167,0.000185317731134
32,166,0.000184208044121
E3,165,0.000183098357108
U9,160,0.000177549922044
E9,158,0.000175330548019
M7,146,0.000162014303866
Y1,146,0.000162014303866
W9,144,0.00015979492984
AE,143,0.000158685242827
W5,142,0.000157575555814
M2,140,0.000155356181789
Q1,137,0.000152027120751
78,137,0.000152027120751
Z5,134,0.000148698059712
42,133,0.000147588372699
P4,131,0.000145368998674
F7,131,0.000145368998674
53,130,0.000144259311661
58,124,0.000137601189584
Z7,123,0.000136491502572
W2,121,0.000134272128546
G2,121,0.000134272128546
Y5,120,0.000133162441533
48,116,0.000128723693482
O3,113,0.000125394632444
L5,110,0.000122065571406
O1,107,0.000118736510367
X7,107,0.000118736510367
52,105,0.000116517136342
E1,105,0.000116517136342
ERROR,103,0.000114297762316
38,102,0.000113188075303
55,100,0.000110968701278
59,99,0.000109859014265
D1,98,0.000108749327252
O4,97,0.000107639640239
U4,97,0.000107639640239
O6,95,0.000105420266214
X3,89,9.87621441372e-05
W6,84,9.32137090734e-05
54,83,9.21040220606e-05
Z8,81,8.9884648035e-05
81,79,8.76652740095e-05
J4,77,8.54458999839e-05
V3,76,8.43362129711e-05
Q2,75,8.32265259584e-05
R8,74,8.21168389456e-05
PE,72,7.989746492e-05
83,72,7.989746492e-05
S5,72,7.989746492e-05
W4,70,7.76780908945e-05
Z6,69,7.65684038817e-05
Y8,69,7.65684038817e-05
X9,68,7.54587168689e-05
Z3,67,7.43490298561e-05
V7,67,7.43490298561e-05
77,67,7.43490298561e-05
73,66,7.32393428434e-05
39,65,7.21296558306e-05
66,65,7.21296558306e-05
T6,64,7.10199688178e-05
W7,62,6.88005947922e-05
L8,62,6.88005947922e-05
Y7,62,6.88005947922e-05
99,62,6.88005947922e-05
47,61,6.76909077795e-05
F5,60,6.65812207667e-05
37,59,6.54715337539e-05
98,58,6.43618467411e-05
S6,58,6.43618467411e-05
S9,58,6.43618467411e-05
86,57,6.32521597283e-05
72,56,6.21424727156e-05
X1,55,6.10327857028e-05
T2,53,5.88134116772e-05
61,53,5.88134116772e-05
G9,52,5.77037246645e-05
Z2,50,5.54843506389e-05
T1,48,5.32649766133e-05
50,46,5.10456025878e-05
33,45,4.9935915575e-05
Y3,45,4.9935915575e-05
68,43,4.77165415495e-05
X6,43,4.77165415495e-05
T9,42,4.66068545367e-05
U2,42,4.66068545367e-05
57,42,4.66068545367e-05
X8,42,4.66068545367e-05
91,41,4.54971675239e-05
84,39,4.32777934983e-05
36,38,4.21681064856e-05
X2,38,4.21681064856e-05
80,38,4.21681064856e-05
V4,37,4.10584194728e-05
R6,35,3.88390454472e-05
T8,35,3.88390454472e-05
45,35,3.88390454472e-05
V5,34,3.77293584345e-05
82,34,3.77293584345e-05
Y2,34,3.77293584345e-05
41,33,3.66196714217e-05
74,33,3.66196714217e-05
R4,33,3.66196714217e-05
Q6,32,3.55099844089e-05
46,32,3.55099844089e-05
AP,32,3.55099844089e-05
Q7,32,3.55099844089e-05
T7,31,3.44002973961e-05
V6,29,3.21809233706e-05
75,29,3.21809233706e-05
87,29,3.21809233706e-05
65,28,3.10712363578e-05
71,28,3.10712363578e-05
S1,27,2.9961549345e-05
P5,26,2.88518623322e-05
Q9,26,2.88518623322e-05
L4,26,2.88518623322e-05
43,25,2.77421753195e-05
Q8,25,2.77421753195e-05
85,24,2.66324883067e-05
O9,21,2.33034272683e-05
F1,20,2.21937402556e-05
62,18,1.997436623e-05
49,18,1.997436623e-05
U1,18,1.997436623e-05
U6,18,1.997436623e-05
76,18,1.997436623e-05
63,17,1.88646792172e-05
R2,17,1.88646792172e-05
88,17,1.88646792172e-05
R9,17,1.88646792172e-05
S7,15,1.66453051917e-05
M6,15,1.66453051917e-05
90,15,1.66453051917e-05
H1,13,1.44259311661e-05
P1,12,1.33162441533e-05
79,12,1.33162441533e-05
T3,11,1.22065571406e-05
67,10,1.10968701278e-05
70,9,9.987183115e-06
W8,9,9.987183115e-06
F3,9,9.987183115e-06
G3,8,8.87749610222e-06
NT,8,8.87749610222e-06
64,8,8.87749610222e-06
YT,7,7.76780908945e-06
NU,7,7.76780908945e-06
I8,7,7.76780908945e-06
E8,7,7.76780908945e-06
R7,7,7.76780908945e-06
S2,7,7.76780908945e-06
H6,6,6.65812207667e-06
89,6,6.65812207667e-06
69,5,5.54843506389e-06
T4,4,4.43874805111e-06
W3,3,3.32906103833e-06
M8,3,3.32906103833e-06
S3,3,3.32906103833e-06
C4,2,2.21937402556e-06
AA,2,2.21937402556e-06
R5,2,2.21937402556e-06
O5,1,1.10968701278e-06
92,1,1.10968701278e-06
93,1,1.10968701278e-06
S4,1,1.10968701278e-06
R1,1,1.10968701278e-06
