25000,230762,0.264477301979
100000,124706,0.14292607284
35000,114339,0.131044410392
15000,103043,0.118098017125
45000,65546,0.0751225471937
55000,54699,0.0626907547211
75000,38472,0.0440929215457
65000,37843,0.0433720219914
85000,29171,0.033433006197
300000,23004,0.0263649814732
9500,10422,0.0119446981792
8500,8314,0.00952871048376
6500,6523,0.00747603782602
7500,6031,0.00691215454986
5000000,5073,0.00581418670725
5500,4617,0.00529156318301
500000,3783,0.00433571226366
700000,2179,0.00249736109503
4500,2078,0.00238160456883
3500,710,0.000813733996087
900000,637,0.000730068388039
875,353,0.000404574789604
2500,143,0.000163892903437
1125,39,4.46980645738e-05
450,13,1.48993548579e-05
1625,10,1.14610421984e-05
1875,8,9.16883375873e-06
1375,2,2.29220843968e-06
625,1,1.14610421984e-06
None,0,0.0
