0,227978,0.28474790509
501,48966,0.0611592606332
803,26293,0.0328403471762
504,21934,0.0273958914906
602,20566,0.0256872391901
807,20433,0.0255211202164
511,19007,0.0237400250552
506,16307,0.0203676849885
623,14830,0.0185228900705
618,12279,0.0153366532148
524,11701,0.0146147226375
819,9572,0.0119555700441
505,9400,0.0117407394917
539,9332,0.0116558064826
753,8957,0.0111874259178
613,8523,0.0106453534774
534,8487,0.0106003889432
510,8252,0.0103068704559
751,7761,0.00969360416971
528,7502,0.00937010932627
560,6587,0.00822726074808
616,6308,0.00787878560785
517,5960,0.00744412844369
535,5864,0.00732422301909
512,5744,0.00717434123835
508,5699,0.00711813557057
609,5410,0.00675717028194
533,5210,0.00650736731403
617,5168,0.00645490869077
770,5143,0.00642368331978
862,5142,0.00642243430494
820,4909,0.00613141384733
825,4808,0.00600526334853
515,4781,0.00597153994787
527,4267,0.00532954632034
839,4207,0.00525460542997
635,4202,0.00524836035577
659,4070,0.00508349039695
641,4063,0.00507474729307
514,3937,0.00491737142329
548,3715,0.00464009012891
566,3595,0.00449020834817
544,3366,0.00420418394991
521,3366,0.00420418394991
532,3334,0.00416421547504
567,3088,0.00385695782452
563,2980,0.00372206422185
529,2827,0.00353096495139
556,2739,0.00342105164551
571,2736,0.003417304601
518,2727,0.00340606346744
561,2672,0.00333736765127
542,2650,0.0033098893248
622,2594,0.00323994449378
500,2565,0.00320372306343
650,2514,0.00314002330662
577,2512,0.00313752527694
630,2485,0.00310380187627
538,2461,0.00307382552012
790,2344,0.00292769078389
555,2302,0.00287523216063
541,2138,0.00267039372695
744,2115,0.00264166638564
640,2111,0.00263667032628
671,2065,0.00257921564366
679,2065,0.00257921564366
652,2031,0.00253674913912
658,1990,0.0024855395307
669,1978,0.00247055135262
789,1920,0.00239810849193
686,1900,0.00237312819514
752,1784,0.00222824247375
547,1780,0.00222324641439
557,1778,0.00222074838471
693,1757,0.00219451907308
564,1739,0.00217203680597
678,1707,0.0021320683311
513,1690,0.00211083507883
523,1635,0.00204213926266
625,1619,0.00202215502522
637,1522,0.00190100058579
866,1510,0.00188601240771
546,1492,0.0018635301406
619,1441,0.00179983038378
881,1430,0.00178609122055
543,1398,0.00174612274568
648,1371,0.00171239934502
573,1359,0.00169741116694
757,1358,0.0016961621521
716,1316,0.00164370352884
507,1295,0.00161747421721
588,1294,0.00161622520237
682,1243,0.00155252544555
551,1235,0.00154253332684
575,1223,0.00152754514876
574,1167,0.00145760031775
691,1161,0.00145010622871
722,1158,0.00144635918419
675,1149,0.00143511805064
612,1141,0.00142512593192
519,1134,0.00141638282804
702,1131,0.00141263578353
545,1118,0.00139639859061
632,1091,0.00136267518994
811,1088,0.00135892814543
718,1053,0.00131521262604
670,1048,0.00130896755184
724,1025,0.00128024021053
725,1017,0.00127024809182
801,1002,0.00125151286922
810,975,0.00121778946856
531,971,0.0012127934092
509,952,0.00118906212725
530,952,0.00118906212725
570,947,0.00118281705305
855,945,0.00118031902337
649,929,0.00116033478594
536,917,0.00114534660786
636,913,0.0011403505485
765,860,0.00107415276201
642,847,0.00105791556909
520,844,0.00105416852458
610,839,0.00104792345038
503,825,0.00103043724262
522,818,0.00102169413875
709,812,0.00101420004971
502,807,0.00100795497551
828,805,0.00100545694583
705,782,0.000976729604524
550,778,0.000971733545166
800,776,0.000969235515487
516,774,0.000966737485808
605,754,0.000941757189017
687,733,0.000915527877387
604,713,0.000890547580596
743,704,0.00087930644704
540,700,0.000874310387682
698,680,0.000849330090891
592,664,0.000829345853458
804,661,0.000825598808939
868,657,0.000820602749581
611,646,0.000806863586346
576,639,0.000798120482469
600,638,0.00079687146763
526,610,0.000761899052123
634,592,0.000739416785011
525,576,0.000719432547578
624,573,0.000715685503059
692,563,0.000703195354664
676,549,0.00068570914691
762,521,0.000650736731403
584,519,0.000648238701724
651,498,0.000622009390094
628,493,0.000615764315896
656,493,0.000615764315896
549,465,0.000580791900389
633,464,0.000579542885549
813,454,0.000567052737154
581,451,0.000563305692635
764,447,0.000558309633277
537,441,0.000550815544239
627,441,0.000550815544239
603,441,0.000550815544239
746,435,0.000543321455202
565,416,0.000519590173251
582,413,0.000515843128732
736,407,0.000508349039695
598,401,0.000500854950658
773,376,0.000469629579669
554,372,0.000464633520311
758,372,0.000464633520311
662,369,0.000460886475792
553,368,0.000459637460953
673,364,0.000454641401594
569,361,0.000450894357076
606,359,0.000448396327397
657,348,0.000434657164162
756,343,0.000428412089964
644,336,0.000419668986087
759,329,0.00041092588221
643,321,0.000400933763494
559,311,0.000388443615099
717,294,0.000367210362826
597,274,0.000342230066035
734,270,0.000337234006677
737,267,0.000333486962159
771,245,0.000306008635689
754,242,0.00030226159117
710,232,0.000289771442775
821,230,0.000287273413095
767,225,0.000281028338898
558,197,0.00024605592339
639,189,0.000236063804674
755,175,0.00021857759692
802,169,0.000211083507883
760,163,0.000203589418846
661,160,0.000199842374327
596,159,0.000198593359488
638,153,0.00019109927045
749,151,0.000188601240771
631,147,0.000183605181413
626,140,0.000174862077536
647,122,0.000152379810425
711,119,0.000148632765906
745,118,0.000147383751066
740,109,0.00013614261751
766,104,0.000129897543313
747,87,0.00010866429104
552,81,0.000101170202003
583,49,6.12017271377e-05
798,8,9.99211871636e-06
None,0,0.0
