1,142470,0.177702108552
3,131487,0.164003068346
2,125767,0.156868541351
0,121430,0.151459023243
4,111309,0.138835151266
5,80476,0.100377306716
6,52982,0.0660841799348
7,17535,0.0218713165822
8,8791,0.0109649697219
9,4116,0.00513386592827
11,2183,0.00272284483027
10,2101,0.00262056664609
12,559,0.000697237865379
13,385,0.000480208547712
14,48,5.98701565979e-05
15,24,2.99350782989e-05
16,22,2.74404884407e-05
17,13,1.62148340786e-05
18,9,1.12256543621e-05
20,6,7.48376957473e-06
21,5,6.23647464561e-06
22,4,4.98917971649e-06
19,3,3.74188478737e-06
24,2,2.49458985824e-06
28,2,2.49458985824e-06
34,1,1.24729492912e-06
23,1,1.24729492912e-06
25,1,1.24729492912e-06
33,1,1.24729492912e-06
43,1,1.24729492912e-06
30,1,1.24729492912e-06
