2,238035,0.438897974913
3,139446,0.257115831746
1,73995,0.136434791748
4,50103,0.0923818145947
5,22680,0.0418182455144
6,6271,0.011562708008
7,3180,0.00586340479435
8,1445,0.00266434588926
9,1323,0.00243939765501
14,891,0.00164285964521
11,853,0.00157279380175
10,717,0.00132203183571
12,626,0.00115424257901
41,355,0.000654562484904
13,285,0.000525493825909
15,277,0.000510743122023
33,235,0.000433301926626
17,180,0.000331890837416
16,164,0.000302389429646
29,162,0.000298701753674
26,145,0.000267356507918
21,115,0.000212041368349
40,96,0.000177008446622
36,63,0.000116161793096
19,63,0.000116161793096
30,59,0.000108786441153
46,58,0.000106942603167
1000,55,0.00010141108921
23,42,7.7441195397e-05
24,40,7.37535194258e-05
18,36,6.63781674832e-05
22,34,6.26904915119e-05
25,30,5.53151395693e-05
28,28,5.1627463598e-05
20,27,4.97836256124e-05
51,22,4.05644356842e-05
60,22,4.05644356842e-05
32,19,3.50329217272e-05
37,17,3.13452457559e-05
38,17,3.13452457559e-05
65,13,2.39698938134e-05
66,11,2.02822178421e-05
27,10,1.84383798564e-05
35,10,1.84383798564e-05
42,9,1.65945418708e-05
43,8,1.47507038852e-05
39,8,1.47507038852e-05
136,8,1.47507038852e-05
31,8,1.47507038852e-05
64,6,1.10630279139e-05
34,6,1.10630279139e-05
61,6,1.10630279139e-05
134,4,7.37535194258e-06
44,3,5.53151395693e-06
45,3,5.53151395693e-06
47,3,5.53151395693e-06
102,3,5.53151395693e-06
52,3,5.53151395693e-06
86,2,3.68767597129e-06
118,1,1.84383798564e-06
49,1,1.84383798564e-06
54,1,1.84383798564e-06
57,1,1.84383798564e-06
62,1,1.84383798564e-06
117,1,1.84383798564e-06
126,1,1.84383798564e-06
55,1,1.84383798564e-06
56,1,1.84383798564e-06
63,1,1.84383798564e-06
92,1,1.84383798564e-06
101,1,1.84383798564e-06
None,0,0.0
