CA,63192,0.0788190611611
TX,44400,0.055379894853
NY,43621,0.0544082521033
FL,37941,0.0473236169058
ZZ,37205,0.046405607838
PA,25517,0.0318272247064
IL,25255,0.031500433435
OH,24008,0.0299450566584
NJ,22679,0.0282874016976
VA,18024,0.0224812438025
NC,17968,0.0224113952865
MI,16974,0.0211715841269
GA,16361,0.0204069923354
MA,16124,0.0201113834372
H9,14959,0.0186582848447
MD,12432,0.0155063705589
WA,12251,0.0152806101767
WI,11588,0.0144536536387
MO,11385,0.0142004527681
AZ,11131,0.0138836398561
CO,10478,0.0130691562673
MN,9755,0.0121673620336
IN,9649,0.0120351487711
TN,9118,0.0113728351637
02,7559,0.00942830236924
07,7281,0.00908155437894
CT,7236,0.00902542610713
KY,6919,0.0086300336146
LA,6790,0.00846913256874
SC,6511,0.00812113728352
OR,6378,0.00795524705794
DE,6133,0.00764965980031
AL,5925,0.00739022245505
ON,5477,0.0068314343268
NV,5363,0.00668924270488
OK,5282,0.00658821181562
IA,5280,0.00658571722577
UT,5098,0.00635870954867
KS,4832,0.00602692909752
04,4800,0.00598701565979
AR,3540,0.00441542404909
NE,3222,0.00401878426163
NH,3216,0.00401130049206
QC,2986,0.00372442265836
ME,2954,0.00368450922063
05,2939,0.00366579979669
MS,2860,0.00356726349729
WV,2722,0.00339513679707
A7,2627,0.0032766437788
NM,2610,0.00325543976501
I2,2581,0.00321926821207
08,2565,0.0031993114932
00,2556,0.00318808583884
RI,2321,0.00289497153049
DC,2261,0.00282013383475
ID,2255,0.00281265006517
HI,2124,0.00264925442946
01,2077,0.00259063156779
H3,1982,0.00247213854952
L9,1945,0.00242598863714
V2,1944,0.00242474134221
N7,1853,0.00231123750366
B7,1826,0.00227756054058
H8,1771,0.00220895931948
H2,1764,0.00220022825497
F2,1750,0.00218276612596
F8,1684,0.00210044466064
J8,1670,0.00208298253163
E4,1664,0.00207549876206
06,1651,0.00205928392798
G5,1584,0.00197571516773
27,1509,0.00188216804805
11,1492,0.00186096403425
09,1479,0.00184474920017
AB,1473,0.0018372654306
ND,1437,0.00179236281315
MT,1425,0.001777395274
26,1421,0.00177240609428
C3,1398,0.00174371831091
15,1386,0.00172875077176
I9,1381,0.00172251429712
BC,1367,0.00170505216811
21,1325,0.00165266578109
H4,1324,0.00165141848616
A8,1311,0.00163520365208
SD,1292,0.00161150504843
VT,1286,0.00160402127885
16,1284,0.00160152668899
U8,1250,0.0015591186614
03,1250,0.0015591186614
18,1222,0.00152419440339
K2,1220,0.00152169981353
E6,1188,0.0014817863758
17,1183,0.00147554990115
J1,1159,0.00144561482285
40,1159,0.00144561482285
B4,1127,0.00140570138512
P6,1127,0.00140570138512
M3,1071,0.00133585286909
B9,1052,0.00131215426544
I7,1024,0.00127723000742
null,998,0.00124480033926
H7,984,0.00122733821026
N5,982,0.0012248436204
M4,980,0.00122234903054
12,980,0.00122234903054
20,954,0.00118991936238
14,953,0.00118867206745
13,932,0.00116247887394
AK,911,0.00113628568043
D4,893,0.00111383437171
B6,887,0.00110635060213
N4,883,0.00110136142242
WY,855,0.0010664371644
X5,853,0.00106394257454
Q3,844,0.00105271692018
28,831,0.0010365020861
10,825,0.00102901831653
C5,815,0.00101654536723
I6,811,0.00101155618752
R3,808,0.00100781430273
Q4,774,0.000965406275141
19,773,0.000964158980212
C8,739,0.000921750952622
B8,734,0.000915514477976
N1,706,0.00088059021996
K4,668,0.000833193012654
C7,658,0.000820720063363
K7,656,0.000818225473504
Z1,644,0.000803257934355
V1,611,0.000762097201694
G6,597,0.000744635072686
P3,594,0.000740893187899
25,594,0.000740893187899
P8,588,0.000733409418324
B2,587,0.000732162123395
29,582,0.000725925648749
C6,570,0.0007109581096
C9,558,0.00069599057045
23,545,0.000679775736372
D8,544,0.000678528441443
I3,544,0.000678528441443
K3,543,0.000677281146513
G8,541,0.000674786556655
T5,537,0.000669797376939
D9,537,0.000669797376939
J9,532,0.000663560902293
34,531,0.000662313607364
Q5,528,0.000658571722577
P7,517,0.000644851478356
K8,502,0.000626142054419
K6,496,0.000618658284845
E2,486,0.000606185335554
N2,483,0.000602443450766
G1,477,0.000594959681191
N6,477,0.000594959681191
A4,475,0.000592465091333
A9,475,0.000592465091333
D3,464,0.000578744847113
MB,459,0.000572508372467
A2,459,0.000572508372467
56,456,0.00056876648768
F9,456,0.00056876648768
30,454,0.000566271897822
H5,454,0.000566271897822
M1,452,0.000563777307963
G7,439,0.000547562473885
B1,433,0.00054007870431
L3,432,0.000538831409381
D7,430,0.000536336819523
44,425,0.000530100344877
A1,425,0.000530100344877
NS,423,0.000527605755019
D6,419,0.000522616575302
51,415,0.000517627395586
J7,406,0.000506401741224
F4,402,0.000501412561507
O8,391,0.000487692317287
B5,388,0.0004839504325
I1,372,0.000463993713634
22,359,0.000447778879555
D2,357,0.000445284289697
M9,354,0.000441542404909
L7,351,0.000437800520122
P9,350,0.000436553225193
A3,349,0.000435305930264
NB,344,0.000429069455618
L1,341,0.000425327570831
K9,341,0.000425327570831
E5,320,0.000399134377319
X4,318,0.000396639787461
N3,317,0.000395392492532
O7,317,0.000395392492532
F6,314,0.000391650607744
U3,308,0.00038416683817
J5,306,0.000381672248311
K1,303,0.000377930363524
Y9,302,0.000376683068595
I4,294,0.000366704709162
SK,292,0.000364210119304
P2,289,0.000360468234516
L2,289,0.000360468234516
A5,279,0.000347995285225
Y6,279,0.000347995285225
N8,277,0.000345500695367
B3,275,0.000343006105509
D5,267,0.000333027746076
A6,265,0.000330533156217
V8,256,0.000319307501855
Z4,252,0.000314318322139
O2,248,0.000309329142422
60,247,0.000308081847493
C1,244,0.000304339962706
Y4,239,0.00029810348806
E7,238,0.000296856193131
K5,236,0.000294361603273
E3,232,0.000289372423556
J2,231,0.000288125128627
J3,229,0.000285630538769
M5,224,0.000279394064123
24,223,0.000278146769194
L6,210,0.000261931935116
W9,206,0.000256942755399
42,202,0.000251953575683
32,201,0.000250706280754
97,200,0.000249458985824
U9,196,0.000244469806108
C2,193,0.000240727921321
M7,192,0.000239480626392
W1,191,0.000238233331462
Z7,190,0.000236986036533
Y1,186,0.000231996856817
J6,183,0.000228254972029
M2,181,0.000225760382171
NL,179,0.000223265792313
E9,175,0.000218276612596
Q1,174,0.000217029317667
N9,170,0.000212040137951
35,159,0.00019831989373
AE,159,0.00019831989373
F7,158,0.000197072598801
Z5,158,0.000197072598801
X7,157,0.000195825303872
P4,154,0.000192083419085
O1,151,0.000188341534297
D1,151,0.000188341534297
Y5,151,0.000188341534297
G2,147,0.000183352354581
58,144,0.000179610469794
31,144,0.000179610469794
O4,141,0.000175868585006
W5,138,0.000172126700219
U4,137,0.00017087940529
53,135,0.000168384815432
48,134,0.000167137520502
78,134,0.000167137520502
W2,124,0.000154664571211
E1,120,0.000149675391495
O3,119,0.000148428096566
59,119,0.000148428096566
X3,116,0.000144686211778
O6,114,0.00014219162192
S5,114,0.00014219162192
Z8,108,0.000134707852345
J4,107,0.000133460557416
38,105,0.000130965967558
L5,101,0.000125976787841
Z3,100,0.000124729492912
55,98,0.000122234903054
R8,96,0.000119740313196
52,94,0.000117245723338
W4,94,0.000117245723338
W6,92,0.000114751133479
V7,90,0.000112256543621
Q2,89,0.000111009248692
Z6,87,0.000108514658834
ERROR,85,0.000106020068975
Y3,83,0.000103525479117
Y8,83,0.000103525479117
39,82,0.000102278184188
F5,82,0.000102278184188
99,81,0.000101030889259
T6,80,9.97835943298e-05
V3,79,9.85362994007e-05
Y7,79,9.85362994007e-05
G9,75,9.35471196842e-05
83,74,9.22998247551e-05
54,74,9.22998247551e-05
81,72,8.98052348968e-05
X9,71,8.85579399677e-05
S9,70,8.73106450386e-05
W7,69,8.60633501095e-05
37,67,8.35687602512e-05
S6,66,8.23214653221e-05
73,65,8.1074170393e-05
X6,65,8.1074170393e-05
L8,65,8.1074170393e-05
47,64,7.98268754638e-05
PE,64,7.98268754638e-05
61,63,7.85795805347e-05
T1,62,7.73322856056e-05
98,61,7.60849906765e-05
86,57,7.109581096e-05
57,54,6.73539261726e-05
V4,51,6.36120413852e-05
66,49,6.1117451527e-05
X1,49,6.1117451527e-05
Z2,48,5.98701565979e-05
77,48,5.98701565979e-05
X8,47,5.86228616688e-05
V6,47,5.86228616688e-05
68,47,5.86228616688e-05
36,46,5.73755667396e-05
T2,45,5.61282718105e-05
72,45,5.61282718105e-05
T7,45,5.61282718105e-05
45,45,5.61282718105e-05
80,43,5.36336819523e-05
Q7,42,5.23863870231e-05
V5,41,5.1139092094e-05
Q9,41,5.1139092094e-05
82,41,5.1139092094e-05
33,40,4.98917971649e-05
S1,39,4.86445022358e-05
41,38,4.73972073067e-05
85,38,4.73972073067e-05
U2,37,4.61499123775e-05
Q6,37,4.61499123775e-05
AP,37,4.61499123775e-05
X2,36,4.49026174484e-05
R6,36,4.49026174484e-05
T9,35,4.36553225193e-05
U6,35,4.36553225193e-05
Y2,35,4.36553225193e-05
50,34,4.24080275902e-05
L4,34,4.24080275902e-05
T8,33,4.1160732661e-05
84,32,3.99134377319e-05
Q8,31,3.86661428028e-05
62,31,3.86661428028e-05
75,30,3.74188478737e-05
46,29,3.61715529446e-05
R4,29,3.61715529446e-05
49,28,3.49242580154e-05
74,28,3.49242580154e-05
87,28,3.49242580154e-05
43,27,3.36769630863e-05
O9,25,3.11823732281e-05
U1,22,2.74404884407e-05
F1,22,2.74404884407e-05
65,21,2.61931935116e-05
P5,20,2.49458985824e-05
88,20,2.49458985824e-05
R2,19,2.36986036533e-05
71,18,2.24513087242e-05
79,18,2.24513087242e-05
76,17,2.12040137951e-05
P1,16,1.9956718866e-05
64,15,1.87094239368e-05
70,14,1.74621290077e-05
S7,14,1.74621290077e-05
NT,14,1.74621290077e-05
R7,12,1.49675391495e-05
90,12,1.49675391495e-05
YT,11,1.37202442203e-05
91,10,1.24729492912e-05
NU,9,1.12256543621e-05
M6,9,1.12256543621e-05
R9,8,9.97835943298e-06
63,7,8.73106450386e-06
67,7,8.73106450386e-06
H1,6,7.48376957473e-06
89,6,7.48376957473e-06
E8,6,7.48376957473e-06
S3,6,7.48376957473e-06
T4,5,6.23647464561e-06
I8,5,6.23647464561e-06
69,5,6.23647464561e-06
T3,5,6.23647464561e-06
92,3,3.74188478737e-06
H6,2,2.49458985824e-06
G3,2,2.49458985824e-06
F3,2,2.49458985824e-06
S2,2,2.49458985824e-06
S4,2,2.49458985824e-06
AA,1,1.24729492912e-06
W8,1,1.24729492912e-06
U5,1,1.24729492912e-06
C4,1,1.24729492912e-06
