25000,218254,0.282157987478
100000,105584,0.136498616061
35000,101682,0.131454124473
15000,93152,0.120426571103
45000,55071,0.0711955910471
55000,46716,0.0603942770489
65000,32487,0.0419990769434
75000,31800,0.0411109258103
85000,22280,0.0288035039954
300000,20065,0.0259399599492
9500,9897,0.0127948060611
8500,9461,0.0122311468268
6500,5748,0.00743099375967
7500,5202,0.00672512692029
5500,4744,0.00613302616491
500000,3434,0.00443946286895
4500,2404,0.00310788256755
5000000,2078,0.00268643093817
700000,1494,0.00193143783524
3500,869,0.00112344007953
900000,598,0.000773092252659
875,268,0.000346469437646
2500,140,0.000180991497278
1125,34,4.39550779104e-05
450,34,4.39550779104e-05
1625,13,1.68063533187e-05
1875,6,7.75677845477e-06
1375,1,1.29279640913e-06
625,1,1.29279640913e-06
None,0,0.0
