0,7532,0.177306967985
501,3002,0.0706685499058
803,1952,0.0459510357815
807,1340,0.0315442561205
602,1105,0.0260122410546
504,1036,0.0243879472693
511,1033,0.0243173258004
623,947,0.0222928436911
819,862,0.0202919020716
506,839,0.0197504708098
618,733,0.0172551789077
753,705,0.0165960451977
524,684,0.0161016949153
505,553,0.0130178907721
534,535,0.0125941619586
613,516,0.0121468926554
539,511,0.0120291902072
751,476,0.0112052730697
510,471,0.0110875706215
862,469,0.0110404896422
820,461,0.010852165725
528,426,0.0100282485876
560,377,0.0088747645951
616,362,0.00852165725047
825,357,0.00840395480226
770,337,0.00793314500942
535,331,0.00779190207156
839,306,0.00720338983051
517,303,0.00713276836158
508,287,0.00675612052731
609,284,0.00668549905838
617,283,0.00666195856874
533,281,0.00661487758945
512,278,0.00654425612053
515,264,0.00621468926554
527,244,0.00574387947269
659,237,0.0055790960452
810,230,0.0054143126177
514,225,0.00529661016949
641,223,0.00524952919021
635,202,0.00475517890772
548,199,0.00468455743879
567,191,0.00449623352166
790,188,0.00442561205273
532,184,0.00433145009416
566,181,0.00426082862524
544,179,0.00421374764595
650,178,0.00419020715631
744,171,0.00402542372881
529,168,0.00395480225989
521,160,0.00376647834275
518,159,0.00374293785311
542,157,0.00369585687382
630,152,0.00357815442561
622,151,0.00355461393597
571,150,0.00353107344633
561,149,0.00350753295669
789,144,0.00338983050847
556,138,0.00324858757062
866,136,0.00320150659134
500,136,0.00320150659134
538,134,0.00315442561205
555,134,0.00315442561205
563,132,0.00310734463277
577,132,0.00310734463277
652,129,0.00303672316384
557,128,0.0030131826742
881,126,0.00296610169492
752,124,0.00291902071563
640,122,0.00287193973635
669,122,0.00287193973635
679,122,0.00287193973635
693,118,0.00277777777778
671,117,0.00275423728814
686,113,0.00266007532957
541,113,0.00266007532957
658,101,0.00237758945386
637,101,0.00237758945386
625,101,0.00237758945386
513,96,0.00225988700565
546,96,0.00225988700565
588,94,0.00221280602637
678,91,0.00214218455744
619,90,0.0021186440678
757,90,0.0021186440678
547,88,0.00207156308851
855,87,0.00204802259887
811,87,0.00204802259887
828,84,0.00197740112994
725,83,0.0019538606403
801,83,0.0019538606403
507,82,0.00193032015066
564,80,0.00188323917137
648,78,0.00183615819209
716,78,0.00183615819209
523,77,0.00181261770245
551,77,0.00181261770245
675,76,0.00178907721281
519,76,0.00178907721281
743,76,0.00178907721281
575,75,0.00176553672316
543,72,0.00169491525424
804,71,0.0016713747646
765,69,0.00162429378531
570,69,0.00162429378531
531,68,0.00160075329567
722,67,0.00157721280603
691,66,0.00155367231638
632,64,0.0015065913371
573,64,0.0015065913371
612,64,0.0015065913371
574,63,0.00148305084746
545,62,0.00145951035782
868,61,0.00143596986817
522,61,0.00143596986817
724,61,0.00143596986817
702,60,0.00141242937853
536,60,0.00141242937853
718,58,0.00136534839925
709,57,0.0013418079096
682,57,0.0013418079096
670,55,0.00129472693032
636,54,0.00127118644068
530,53,0.00124764595104
503,53,0.00124764595104
509,48,0.00112994350282
520,47,0.00110640301318
642,47,0.00110640301318
800,47,0.00110640301318
687,46,0.00108286252354
813,44,0.00103578154426
540,44,0.00103578154426
762,44,0.00103578154426
516,43,0.00101224105461
584,43,0.00101224105461
605,42,0.000988700564972
611,42,0.000988700564972
649,42,0.000988700564972
550,42,0.000988700564972
624,42,0.000988700564972
502,41,0.00096516007533
633,41,0.00096516007533
758,40,0.000941619585687
604,39,0.000918079096045
610,39,0.000918079096045
651,35,0.000823917137476
525,33,0.000776836158192
592,33,0.000776836158192
692,32,0.00075329566855
600,32,0.00075329566855
627,32,0.00075329566855
656,32,0.00075329566855
526,31,0.000729755178908
698,31,0.000729755178908
705,30,0.000706214689266
676,29,0.000682674199623
764,29,0.000682674199623
628,28,0.000659133709981
634,27,0.000635593220339
746,27,0.000635593220339
565,27,0.000635593220339
756,26,0.000612052730697
576,26,0.000612052730697
582,26,0.000612052730697
559,25,0.000588512241055
773,24,0.000564971751412
736,23,0.00054143126177
662,22,0.000517890772128
673,22,0.000517890772128
581,22,0.000517890772128
606,22,0.000517890772128
553,21,0.000494350282486
821,21,0.000494350282486
767,21,0.000494350282486
537,20,0.000470809792844
657,20,0.000470809792844
569,19,0.000447269303202
603,19,0.000447269303202
643,18,0.000423728813559
734,18,0.000423728813559
745,18,0.000423728813559
759,18,0.000423728813559
549,18,0.000423728813559
597,17,0.000400188323917
754,16,0.000376647834275
737,15,0.000353107344633
554,15,0.000353107344633
631,15,0.000353107344633
644,15,0.000353107344633
749,14,0.000329566854991
771,14,0.000329566854991
710,13,0.000306026365348
740,13,0.000306026365348
755,13,0.000306026365348
717,12,0.000282485875706
802,12,0.000282485875706
760,11,0.000258945386064
638,9,0.00021186440678
647,9,0.00021186440678
639,9,0.00021186440678
552,9,0.00021186440678
596,9,0.00021186440678
626,8,0.000188323917137
558,8,0.000188323917137
598,8,0.000188323917137
661,7,0.000164783427495
711,6,0.000141242937853
747,5,0.000117702448211
766,4,9.41619585687e-05
583,2,4.70809792844e-05
None,0,0.0
