CA,4745,0.11169699395
TX,2681,0.063110567077
NY,2271,0.0534591935218
FL,2175,0.0511993597138
NJ,1650,0.038840893576
02,1413,0.0332619288623
OH,1358,0.0319672324098
IL,1358,0.0319672324098
PA,1312,0.0308843953768
WA,1105,0.0260116287281
ZZ,1052,0.0247640121466
07,1038,0.0244344530496
NC,993,0.0233751559521
GA,985,0.0231868364681
MI,949,0.02233939879
VA,934,0.0219862997575
AZ,867,0.020409124079
MA,863,0.020314964337
04,837,0.019702926014
OR,733,0.0172547727219
CO,662,0.0155834373014
WI,632,0.0148772392364
MD,630,0.0148301593654
MO,619,0.0145712200749
MN,587,0.0138179421388
TN,577,0.0135825427838
IN,556,0.0130882041383
08,486,0.0114404086533
SC,424,0.00998093265224
NV,397,0.00934535439373
CT,392,0.00922765471623
LA,381,0.00896871542572
KY,369,0.00868623619971
AL,363,0.00854499658671
UT,342,0.0080506579412
OK,331,0.00779171865069
IA,327,0.00769755890869
ON,314,0.00739153974718
KS,287,0.00675596148867
05,267,0.00628516277865
DE,259,0.00609684329465
AR,221,0.00520232574563
NM,204,0.00480214684212
NE,204,0.00480214684212
HI,171,0.0040253289706
BC,168,0.0039547091641
MS,167,0.0039311692286
ID,166,0.0039076292931
ME,159,0.00374284974459
00,155,0.00364869000259
DC,150,0.00353099032509
NH,148,0.00348391045409
QC,139,0.00327205103458
WV,134,0.00315435135708
AB,117,0.00275417245357
MT,104,0.00244815329206
SD,103,0.00242461335656
01,100,0.00235399355006
AK,99,0.00233045361456
RI,95,0.00223629387255
ND,86,0.00202443445305
40,80,0.00188319484005
E7,68,0.00160071561404
27,60,0.00141239613003
06,60,0.00141239613003
VT,59,0.00138885619453
WY,56,0.00131823638803
14,33,0.000776817871519
D9,32,0.000753277936018
MB,30,0.000706198065017
09,30,0.000706198065017
NS,29,0.000682658129517
21,29,0.000682658129517
19,27,0.000635578258516
15,27,0.000635578258516
11,25,0.000588498387514
NB,24,0.000564958452014
03,24,0.000564958452014
SK,23,0.000541418516513
30,21,0.000494338645512
12,20,0.000470798710012
34,19,0.000447258774511
18,18,0.00042371883901
G2,17,0.00040017890351
20,15,0.000353099032509
23,15,0.000353099032509
13,14,0.000329559097008
22,14,0.000329559097008
10,13,0.000306019161507
25,13,0.000306019161507
F2,13,0.000306019161507
E9,12,0.000282479226007
26,12,0.000282479226007
NL,11,0.000258939290506
G1,9,0.000211859419505
44,9,0.000211859419505
AE,9,0.000211859419505
32,7,0.000164779548504
B7,7,0.000164779548504
29,6,0.000141239613003
24,6,0.000141239613003
16,5,0.000117699677503
31,5,0.000117699677503
PE,4,9.41597420023e-05
F9,4,9.41597420023e-05
17,3,7.06198065017e-05
81,3,7.06198065017e-05
28,3,7.06198065017e-05
37,3,7.06198065017e-05
50,3,7.06198065017e-05
F5,3,7.06198065017e-05
46,2,4.70798710012e-05
C3,2,4.70798710012e-05
F7,2,4.70798710012e-05
35,2,4.70798710012e-05
B4,2,4.70798710012e-05
68,2,4.70798710012e-05
L7,2,4.70798710012e-05
38,1,2.35399355006e-05
45,1,2.35399355006e-05
H9,1,2.35399355006e-05
AP,1,2.35399355006e-05
NT,1,2.35399355006e-05
D6,1,2.35399355006e-05
K1,1,2.35399355006e-05
E2,1,2.35399355006e-05
F1,1,2.35399355006e-05
F4,1,2.35399355006e-05
F8,1,2.35399355006e-05
33,1,2.35399355006e-05
36,1,2.35399355006e-05
39,1,2.35399355006e-05
YT,1,2.35399355006e-05
47,1,2.35399355006e-05
A7,1,2.35399355006e-05
H5,1,2.35399355006e-05
53,1,2.35399355006e-05
B2,1,2.35399355006e-05
NU,1,2.35399355006e-05
62,1,2.35399355006e-05
C6,1,2.35399355006e-05
ERROR,1,2.35399355006e-05
