25000,10348,0.251354174257
100000,5586,0.135684617066
35000,5135,0.124729772402
15000,4577,0.111175884768
45000,2963,0.0719716291384
55000,2952,0.0717044378051
65000,1980,0.0480944399913
75000,1887,0.0458354587189
300000,1556,0.0377954285992
85000,1513,0.0367509533873
9500,514,0.0124851223008
6500,376,0.0091330855741
8500,366,0.00889018436202
500000,310,0.00752993757439
7500,281,0.00682552405937
700000,267,0.00648546236246
5500,243,0.00590249945347
4500,121,0.00293910466613
5000000,58,0.00140882703005
3500,52,0.0012630863028
900000,36,0.000874444363477
2500,18,0.000437222181739
625,12,0.000291481454492
1625,6,0.000145740727246
1375,6,0.000145740727246
1875,6,0.000145740727246
None,0,0.0
