0,215735,0.259785846919
501,56323,0.0678235717709
803,29139,0.0350888812356
504,22109,0.0266234282315
602,21205,0.0255348408182
511,21172,0.0254951025608
807,19023,0.0229072990749
506,18488,0.0222630576301
623,15457,0.0186131589025
524,13763,0.0165732616921
618,13279,0.0159904339177
819,10917,0.0131461380435
505,10397,0.0125199594429
753,9642,0.0116107962824
539,9580,0.0115361365262
613,9515,0.0114578642011
534,9148,0.0110159266119
510,8662,0.0104306904582
751,8583,0.0103355594785
528,7754,0.00933728628645
560,7356,0.00885801881908
508,6539,0.00787419590238
517,6530,0.00786335819583
535,6436,0.00775016437188
616,6348,0.00764419568563
609,6128,0.00737927397
512,5961,0.00717817430404
533,5942,0.00715529470132
820,5636,0.00678681267867
862,5602,0.00674587023171
825,5506,0.00663026802852
770,5399,0.00650141973956
515,4889,0.00588728303514
617,4695,0.00565367024953
527,4619,0.00556215183868
659,4383,0.00527796308918
635,4329,0.00521293684989
839,3982,0.00479508305296
548,3895,0.00469031855632
514,3855,0.00464215097166
566,3806,0.00458314568045
641,3796,0.00457110378429
567,3519,0.00423754326051
544,3406,0.00410146983385
556,3321,0.00399911371644
532,3295,0.00396780478641
521,3102,0.00373539619043
563,3078,0.00370649563963
518,3022,0.0036390610211
529,2971,0.00357764735066
538,2865,0.00345000325131
630,2806,0.00337895606394
561,2764,0.00332838010004
571,2740,0.00329947954925
542,2724,0.00328021251538
650,2650,0.00319110248376
555,2565,0.00308874636636
622,2562,0.00308513379751
500,2532,0.00304900810901
790,2526,0.00304178297131
640,2481,0.00298759443857
577,2426,0.00292136400966
541,2230,0.00268534284483
679,2168,0.0026106830886
652,2118,0.00255047360778
744,2116,0.00254806522854
789,2092,0.00251916467775
671,2071,0.0024938766958
686,2034,0.00244932167999
557,2031,0.00244570911114
669,1994,0.00240115409533
693,1930,0.00232408595987
658,1891,0.00227712256483
547,1880,0.00226387647905
678,1874,0.00225665134135
564,1818,0.00218921672282
546,1786,0.00215068265509
625,1773,0.00213502819008
513,1740,0.00209528993273
810,1727,0.00207963546772
573,1656,0.00199413800495
523,1633,0.00196644164377
881,1631,0.00196403326453
752,1594,0.00191947824872
866,1584,0.00190743635256
637,1561,0.00187973999138
648,1443,0.00173764561663
619,1433,0.00172560372046
543,1423,0.0017135618243
588,1410,0.00169790735928
574,1397,0.00168225289427
575,1397,0.00168225289427
757,1382,0.00166419005002
507,1372,0.00165214815386
722,1362,0.00164010625769
691,1351,0.00162686017191
551,1335,0.00160759313805
675,1329,0.00160036800035
716,1312,0.00157989677687
519,1292,0.00155581298454
682,1230,0.00148115322831
530,1204,0.00144984429828
612,1164,0.00140167671362
545,1160,0.00139685995516
811,1159,0.00139565576554
801,1109,0.00133544628471
632,1106,0.00133183371586
725,1103,0.00132822114701
702,1090,0.001312566682
570,1085,0.00130654573392
724,1040,0.00125235720117
636,1039,0.00125115301156
604,1036,0.00124754044271
649,1017,0.00122466083999
670,1017,0.00122466083999
509,1012,0.00121863989191
765,1011,0.0012174357023
718,1010,0.00121623151268
531,1004,0.00120900637498
855,1002,0.00120659799575
536,980,0.00118010582418
520,922,0.00111026282643
503,893,0.00107534132755
550,891,0.00107293294831
709,878,0.0010572784833
605,841,0.00101272346749
502,830,0.000999477381706
522,828,0.000997069002473
642,803,0.000966964262061
698,775,0.000933246952798
540,756,0.000910367350084
592,747,0.000899529643536
804,746,0.000898325453919
610,744,0.000895917074686
828,727,0.000875445851206
687,717,0.00086340395504
800,706,0.000850157869259
743,705,0.000848953679642
634,700,0.00084293273156
516,697,0.00083932016271
576,681,0.000820053128846
611,669,0.000805602853448
584,669,0.000805602853448
705,665,0.000800786094982
600,652,0.000785131629967
624,649,0.000781519061117
868,640,0.000770681354569
525,637,0.000767068785719
633,636,0.000765864596103
526,632,0.000761047837637
651,584,0.000703246736044
692,577,0.000694817408728
676,562,0.000676754564481
656,542,0.00065267077215
813,538,0.000647854013684
628,511,0.000615340894039
762,502,0.00060450318749
627,489,0.000588848722475
598,476,0.000573194257461
565,474,0.000570785878228
549,457,0.000550314654747
673,456,0.00054911046513
581,451,0.000543089517048
758,446,0.000537068568965
764,445,0.000535864379349
582,445,0.000535864379349
773,441,0.000531047620883
569,440,0.000529843431266
537,438,0.000527435052033
559,437,0.000526230862417
554,418,0.000503351259703
603,410,0.000493717742771
662,400,0.000481675846606
746,396,0.000476859088139
606,396,0.000476859088139
756,387,0.000466021381591
657,371,0.000446754347727
553,348,0.000419057986547
736,346,0.000416649607314
710,333,0.000400995142299
644,329,0.000396178383833
643,305,0.000367277833037
759,302,0.000363665264187
734,300,0.000361256884954
754,294,0.000354031747255
771,289,0.000348010799172
737,286,0.000344398230323
597,271,0.000326335386075
821,268,0.000322722817226
717,267,0.000321518627609
767,209,0.000251675629851
749,197,0.000237225354453
760,197,0.000237225354453
639,193,0.000232408595987
661,189,0.000227591837521
755,186,0.000223979268672
558,180,0.000216754130972
647,179,0.000215549941356
802,177,0.000213141562123
631,166,0.000199895476341
638,157,0.000189057769793
745,145,0.000174607494394
711,137,0.000164973977462
596,124,0.000149319512448
766,114,0.000137277616283
626,97,0.000116806392802
740,88,0.000105968686253
747,76,9.1518410855e-05
552,75,9.03142212385e-05
583,48,5.78011015927e-05
798,11,1.32460857817e-05
None,0,0.0
