3,144015,0.173403201123
2,130714,0.157387952863
1,123414,0.148598289507
4,121738,0.146580279126
0,120375,0.144939140612
5,87924,0.105866076836
6,57369,0.0690759174061
7,21216,0.0255454106519
8,10389,0.0125090154253
9,5138,0.00618647812638
10,3307,0.00398183790657
11,2266,0.00272840783075
12,1094,0.00131724543991
13,575,0.000692336497211
16,176,0.00021191517132
15,148,0.000178201394065
14,147,0.000176997330591
18,128,0.000154120124596
17,114,0.000137263235969
19,76,9.15088239792e-05
20,20,2.40812694682e-05
22,18,2.16731425214e-05
24,16,1.92650155746e-05
23,13,1.56528251543e-05
26,12,1.44487616809e-05
21,11,1.32446982075e-05
32,11,1.32446982075e-05
25,10,1.20406347341e-05
28,9,1.08365712607e-05
31,9,1.08365712607e-05
33,9,1.08365712607e-05
27,7,8.42844431387e-06
29,7,8.42844431387e-06
30,7,8.42844431387e-06
37,4,4.81625389364e-06
54,3,3.61219042023e-06
34,3,3.61219042023e-06
36,2,2.40812694682e-06
40,2,2.40812694682e-06
42,2,2.40812694682e-06
47,2,2.40812694682e-06
48,2,2.40812694682e-06
56,2,2.40812694682e-06
41,2,2.40812694682e-06
39,1,1.20406347341e-06
45,1,1.20406347341e-06
71,1,1.20406347341e-06
117,1,1.20406347341e-06
38,1,1.20406347341e-06
44,1,1.20406347341e-06
49,1,1.20406347341e-06
51,1,1.20406347341e-06
52,1,1.20406347341e-06
62,1,1.20406347341e-06
87,1,1.20406347341e-06
94,1,1.20406347341e-06
111,1,1.20406347341e-06
154,1,1.20406347341e-06
166,1,1.20406347341e-06
