2,196525,0.462251879938
3,106951,0.25156240077
1,52235,0.122863386076
4,37898,0.0891409324304
5,16922,0.0398027035355
6,5938,0.01396693379
7,2552,0.00600262967868
9,1068,0.00251207229499
11,895,0.00210515421725
12,819,0.00192639251835
8,632,0.00148654465397
10,450,0.00105845742767
15,441,0.00103728827911
14,287,0.000675060626089
26,245,0.000576271266174
13,195,0.000458664885322
16,181,0.000425735098684
17,104,0.000244621272172
28,99,0.000232860634087
39,93,0.000218747868384
29,44,0.00010349361515
33,39,9.17329770644e-05
1000,35,8.23244665963e-05
52,32,7.52680837452e-05
18,30,7.05638285111e-05
20,28,6.5859573277e-05
36,27,6.350744566e-05
25,26,6.11553180429e-05
23,26,6.11553180429e-05
30,25,5.88031904259e-05
24,24,5.64510628089e-05
32,23,5.40989351918e-05
62,23,5.40989351918e-05
19,22,5.17468075748e-05
22,20,4.70425523407e-05
41,20,4.70425523407e-05
38,16,3.76340418726e-05
46,16,3.76340418726e-05
21,14,3.29297866385e-05
27,14,3.29297866385e-05
31,11,2.58734037874e-05
37,11,2.58734037874e-05
40,9,2.11691485533e-05
60,7,1.64648933193e-05
65,7,1.64648933193e-05
42,6,1.41127657022e-05
51,6,1.41127657022e-05
64,5,1.17606380852e-05
61,4,9.40851046814e-06
100,4,9.40851046814e-06
102,4,9.40851046814e-06
34,3,7.05638285111e-06
49,3,7.05638285111e-06
63,3,7.05638285111e-06
77,3,7.05638285111e-06
35,3,7.05638285111e-06
75,3,7.05638285111e-06
43,2,4.70425523407e-06
47,2,4.70425523407e-06
50,2,4.70425523407e-06
90,2,4.70425523407e-06
44,2,4.70425523407e-06
134,2,4.70425523407e-06
70,2,4.70425523407e-06
86,2,4.70425523407e-06
66,1,2.35212761704e-06
74,1,2.35212761704e-06
48,1,2.35212761704e-06
128,1,2.35212761704e-06
68,1,2.35212761704e-06
None,0,0.0
