CA,66850,0.0804916431975
NY,49839,0.0600093194513
TX,47563,0.0572688709858
FL,39847,0.047978317225
ZZ,34487,0.0415245370075
PA,28019,0.0337366544615
IL,26390,0.0317752350633
OH,25424,0.030612109748
NJ,24451,0.0294405559883
NC,20135,0.0242438180371
VA,19178,0.0230915292931
GA,19048,0.0229350010415
MA,18523,0.022302867718
MI,18354,0.022099380991
H9,16161,0.0194588697938
WA,14000,0.0168568886277
MD,12995,0.015646804837
AZ,12080,0.0145450867588
MO,12065,0.0145270258067
CO,11180,0.0134614296327
MN,10935,0.0131664340817
WI,10918,0.0131459650027
TN,10419,0.0125451373295
IN,10221,0.0123067327617
07,8687,0.0104596993935
CT,8313,0.0100093796545
OR,8006,0.00963973216812
SC,7466,0.00898953789248
KY,6953,0.00837185333062
02,6791,0.00817679504793
LA,6717,0.0080876943509
AL,6674,0.00803591962154
IA,5503,0.00662596129418
OK,5446,0.00655732967619
UT,5415,0.00652000370852
KS,5397,0.00649833056599
NV,5236,0.00630447634678
ON,5226,0.00629243571204
DE,5006,0.00602754174789
04,4660,0.00561093578609
DC,4316,0.00519673795124
AR,3704,0.00445985110551
NE,3481,0.00419134495094
05,3334,0.00401434762035
MS,3107,0.00374102521189
NH,3093,0.00372416832326
WV,3030,0.00364831232443
08,2893,0.00348335562858
ME,2882,0.00347011093037
NM,2815,0.00338943867765
01,2681,0.00322809417221
00,2511,0.00302340338173
ID,2462,0.00296440427154
QC,2283,0.0027488769098
I2,2181,0.00262606243551
A7,2174,0.00261763399119
RI,2154,0.00259355272173
HI,2117,0.00254900237321
09,2052,0.00247073824744
06,1841,0.00221668085455
V2,1682,0.00202523476228
BC,1643,0.00197827628681
27,1586,0.00190964466883
L9,1586,0.00190964466883
16,1585,0.00190844060535
N7,1578,0.00190001216104
AB,1557,0.0018747268281
11,1542,0.001856665876
A8,1527,0.0018386049239
MT,1519,0.00182897241611
F2,1512,0.0018205439718
H3,1497,0.00180248301969
H8,1484,0.00178683019454
26,1474,0.00177478955981
B7,1473,0.00177358549633
G5,1433,0.0017254229574
F8,1432,0.00172421889392
ND,1425,0.00171579044961
15,1404,0.00169050511667
H2,1402,0.00168809698972
SD,1380,0.00166160759331
E4,1298,0.00156287438849
03,1286,0.00154842562681
12,1274,0.00153397686512
J8,1247,0.00150146715134
VT,1220,0.00146895743756
14,1196,0.0014400599142
17,1181,0.0014219989621
C3,1147,0.001381060804
U8,1108,0.00133410232854
21,1104,0.00132928607464
18,1080,0.00130038855128
40,1068,0.0012859397896
I9,1065,0.00128232759918
13,1057,0.00127269509139
K2,1055,0.00127028696445
H4,1034,0.00124500163151
10,1006,0.00121128785425
P6,943,0.00113543185543
AK,931,0.00112098309374
20,907,0.00109208557038
B9,898,0.00108124899912
E6,894,0.00107643274523
I7,876,0.00105475960271
J1,868,0.00104512709492
B4,864,0.00104031084103
M4,860,0.00103549458713
M3,853,0.00102706614282
WY,790,0.000951210143994
19,786,0.0009463938901
28,751,0.000904251668531
H7,744,0.000895823224217
N5,728,0.000876558208643
D4,709,0.000853681002648
N4,704,0.000847660685281
25,700,0.000842844431387
B8,697,0.000839232240967
I6,687,0.000827191606233
X5,686,0.000825987542759
D9,684,0.000823579415812
B6,678,0.000816355034972
Q3,650,0.000782641257717
34,644,0.000775416876876
C5,629,0.000757355924775
R3,628,0.000756151861302
Q4,604,0.00072725433794
K7,594,0.000715213703206
C8,549,0.000661030846902
23,549,0.000661030846902
K4,545,0.000656214593008
B2,540,0.000650194275641
C7,538,0.000647786148695
P3,537,0.000646582085221
V1,520,0.000626113006173
N1,517,0.000622500815753
T5,516,0.00062129675228
Z1,513,0.000617684561859
P8,496,0.000597215482811
NS,484,0.00058276672113
G6,473,0.000569522022923
29,469,0.000564705769029
30,453,0.000545440753455
C6,430,0.000517747293566
G8,424,0.000510522912726
Q5,423,0.000509318849252
D8,419,0.000504502595359
MB,417,0.000502094468412
H5,414,0.000498482277992
I3,406,0.000488849770204
C9,405,0.000487645706731
D3,402,0.000484033516311
J9,400,0.000481625389364
A4,399,0.000480421325891
E2,395,0.000475605071997
B5,394,0.000474401008524
G1,392,0.000471992881577
K3,391,0.000470788818103
K6,389,0.000468380691157
D7,383,0.000461156310316
A2,379,0.000456340056422
L3,378,0.000455135992949
K8,371,0.000446707548635
N2,369,0.000444299421688
A9,367,0.000441891294741
N6,367,0.000441891294741
F9,364,0.000438279104321
G7,355,0.000427442533061
M1,353,0.000425034406114
F4,353,0.000425034406114
I1,349,0.00042021815222
P7,349,0.00042021815222
22,337,0.000405769390539
B1,334,0.000402157200119
A1,326,0.000392524692332
A3,325,0.000391320628858
NB,321,0.000386504374965
B3,319,0.000384096248018
J7,310,0.000373259676757
D2,308,0.00037085154981
D6,306,0.000368443422863
M9,304,0.000366035295917
K1,293,0.000352790597709
K9,293,0.000352790597709
P2,290,0.000349178407289
P9,279,0.000335933709081
L7,279,0.000335933709081
56,276,0.000332321518661
U3,273,0.000328709328241
51,273,0.000328709328241
SK,266,0.000320280883927
X4,259,0.000311852439613
24,257,0.000309444312666
N3,253,0.000304628058773
O7,253,0.000304628058773
E5,249,0.000299811804879
F6,247,0.000297403677932
O8,246,0.000296199614459
L1,246,0.000296199614459
A5,238,0.000286567106672
L2,235,0.000282954916251
E7,232,0.000279342725831
I4,217,0.00026128177373
Y6,215,0.000258873646783
N8,214,0.00025766958331
D5,211,0.00025405739289
78,209,0.000251649265943
A6,205,0.000246833012049
C1,205,0.000246833012049
K5,205,0.000246833012049
V8,204,0.000245628948576
Y9,204,0.000245628948576
32,197,0.000237200504262
J5,197,0.000237200504262
97,193,0.000232384250368
Y4,191,0.000229976123421
L6,185,0.000222751742581
J2,184,0.000221547679107
Z4,183,0.000220343615634
48,176,0.00021191517132
NL,176,0.00021191517132
E3,173,0.0002083029809
U9,168,0.000202282663533
N9,167,0.000201078600059
J6,165,0.000198670473113
W1,164,0.000197466409639
60,158,0.000190242028799
O2,156,0.000187833901852
J3,154,0.000185425774905
Q1,154,0.000185425774905
35,151,0.000181813584485
Z7,151,0.000181813584485
C2,149,0.000179405457538
M5,148,0.000178201394065
Z5,140,0.000168568886277
M7,137,0.000164956695857
W9,135,0.00016254856891
31,134,0.000161344505437
E9,133,0.000160140441964
M2,132,0.00015893637849
AE,130,0.000156528251543
53,128,0.000154120124596
X7,127,0.000152916061123
W5,126,0.00015171199765
G2,125,0.000150507934176
Y1,125,0.000150507934176
83,123,0.000148099807229
42,122,0.000146895743756
F7,122,0.000146895743756
Y5,113,0.000136059172495
U4,112,0.000134855109022
L5,112,0.000134855109022
68,111,0.000133651045549
O1,110,0.000132446982075
X3,110,0.000132446982075
O3,104,0.000125222601235
86,102,0.000122814474288
P4,101,0.000121610410814
44,100,0.000120406347341
81,100,0.000120406347341
E1,99,0.000119202283868
W6,97,0.000116794156921
99,97,0.000116794156921
38,94,0.000113181966501
55,93,0.000111977903027
Z3,93,0.000111977903027
W2,93,0.000111977903027
73,92,0.000110773839554
O4,90,0.000108365712607
52,90,0.000108365712607
58,89,0.000107161649133
59,89,0.000107161649133
Z8,87,0.000104753522187
Q2,84,0.000101141331766
W4,83,9.9937268293e-05
V3,80,9.63250778728e-05
F5,80,9.63250778728e-05
O6,78,9.3916950926e-05
37,78,9.3916950926e-05
D1,77,9.27128874526e-05
36,72,8.66925700855e-05
77,70,8.42844431387e-05
ERROR,69,8.30803796653e-05
Y8,69,8.30803796653e-05
98,69,8.30803796653e-05
33,68,8.18763161919e-05
72,67,8.06722527185e-05
V4,66,7.94681892451e-05
J4,66,7.94681892451e-05
39,66,7.94681892451e-05
S6,66,7.94681892451e-05
L8,65,7.82641257717e-05
54,64,7.70600622982e-05
66,64,7.70600622982e-05
R8,64,7.70600622982e-05
47,62,7.46519353514e-05
X8,61,7.3447871878e-05
82,60,7.22438084046e-05
T6,60,7.22438084046e-05
V7,59,7.10397449312e-05
Z6,58,6.98356814578e-05
PE,58,6.98356814578e-05
W7,57,6.86316179844e-05
S5,56,6.7427554511e-05
85,54,6.50194275641e-05
S9,54,6.50194275641e-05
71,52,6.26113006173e-05
T2,52,6.26113006173e-05
Y3,52,6.26113006173e-05
Y7,52,6.26113006173e-05
57,51,6.14072371439e-05
80,49,5.89991101971e-05
41,48,5.77950467237e-05
74,47,5.65909832503e-05
61,46,5.53869197769e-05
84,46,5.53869197769e-05
65,45,5.41828563035e-05
X9,45,5.41828563035e-05
50,43,5.17747293566e-05
U2,42,5.05706658832e-05
T8,41,4.93666024098e-05
75,39,4.6958475463e-05
X2,39,4.6958475463e-05
T7,38,4.57544119896e-05
U1,38,4.57544119896e-05
G9,38,4.57544119896e-05
T9,37,4.45503485162e-05
X6,37,4.45503485162e-05
T1,36,4.33462850428e-05
46,35,4.21422215694e-05
X1,33,3.97340946225e-05
Z2,33,3.97340946225e-05
87,32,3.85300311491e-05
43,32,3.85300311491e-05
Q7,31,3.73259676757e-05
Y2,31,3.73259676757e-05
Q9,29,3.49178407289e-05
AP,28,3.37137772555e-05
V5,28,3.37137772555e-05
P5,28,3.37137772555e-05
V6,27,3.25097137821e-05
Q8,27,3.25097137821e-05
U6,26,3.13056503087e-05
76,26,3.13056503087e-05
L4,26,3.13056503087e-05
90,25,3.01015868353e-05
Q6,24,2.88975233618e-05
45,23,2.76934598884e-05
M6,23,2.76934598884e-05
62,22,2.6489396415e-05
S1,21,2.52853329416e-05
79,21,2.52853329416e-05
63,20,2.40812694682e-05
R6,19,2.28772059948e-05
49,18,2.16731425214e-05
F1,18,2.16731425214e-05
67,17,2.0469079048e-05
R4,16,1.92650155746e-05
O9,16,1.92650155746e-05
R2,16,1.92650155746e-05
88,16,1.92650155746e-05
91,15,1.80609521012e-05
70,12,1.44487616809e-05
E8,11,1.32446982075e-05
S7,11,1.32446982075e-05
YT,11,1.32446982075e-05
H1,9,1.08365712607e-05
P1,9,1.08365712607e-05
R9,9,1.08365712607e-05
F3,9,1.08365712607e-05
T3,8,9.63250778728e-06
NT,8,9.63250778728e-06
I8,8,9.63250778728e-06
69,7,8.42844431387e-06
W8,7,8.42844431387e-06
G3,7,8.42844431387e-06
64,6,7.22438084046e-06
89,5,6.02031736705e-06
R7,4,4.81625389364e-06
92,3,3.61219042023e-06
93,3,3.61219042023e-06
S2,3,3.61219042023e-06
S3,3,3.61219042023e-06
W3,2,2.40812694682e-06
S4,2,2.40812694682e-06
H6,2,2.40812694682e-06
U5,2,2.40812694682e-06
NU,2,2.40812694682e-06
AA,1,1.20406347341e-06
O5,1,1.20406347341e-06
R5,1,1.20406347341e-06
M8,1,1.20406347341e-06
T4,1,1.20406347341e-06
C4,1,1.20406347341e-06
R1,1,1.20406347341e-06
