25000,217499,0.269107326682
35000,118691,0.146854089955
100000,113957,0.140996802867
15000,79417,0.0982611256285
45000,62801,0.0777024686226
55000,45254,0.0559919032347
65000,36560,0.0452349843608
75000,34774,0.0430252009344
85000,25724,0.031827810112
300000,25716,0.031817911866
9500,7797,0.00964707803777
5500,6607,0.00817471394069
6500,5995,0.00741749811933
8500,5731,0.00709085600032
7500,5680,0.00702775468187
500000,4925,0.00609360771271
700000,3283,0.00406199271489
900000,2957,0.00365863918914
4500,1918,0.00237310448589
3500,1182,0.00146246585105
5000000,880,0.00108880706339
2500,424,0.000524607039633
875,393,0.000486251336263
1875,37,4.57793878925e-05
1375,8,9.8982460308e-06
1125,7,8.66096527695e-06
625,4,4.9491230154e-06
1625,3,3.71184226155e-06
None,0,0.0
