0,198804,0.243526108707
501,58783,0.0720065755626
803,27601,0.0338100044588
504,22122,0.0270984717452
511,21592,0.0264492451822
602,21313,0.0261074825199
506,20258,0.0248151541729
807,19235,0.0235620244109
623,15123,0.0185250062473
524,15114,0.0185139816453
618,13048,0.0159832230056
539,10718,0.0131290760404
819,10473,0.0128289618745
534,9808,0.0120143662814
505,9450,0.0115758321125
613,9390,0.0115023347657
753,8853,0.0108445335123
510,8429,0.010325152262
751,8348,0.0102259308439
528,7984,0.00978004694031
560,7764,0.0095105566689
517,6782,0.00830765009383
533,6577,0.00805653415912
508,6249,0.00765474866357
512,5942,0.00727868723939
609,5888,0.00721253962732
535,5849,0.00716476635193
820,5841,0.0071549667057
616,5492,0.0067274571388
862,5399,0.00661353625134
825,5349,0.00655228846239
770,5176,0.0063403711126
515,4831,0.00591776136881
659,4729,0.00579281587935
617,4550,0.00557354879489
527,4433,0.00543022896873
635,4394,0.00538245569335
566,4022,0.00492677214353
548,3873,0.00474425373244
641,3784,0.0046352326681
567,3711,0.00454581089623
839,3687,0.00451641195753
532,3659,0.00448211319571
521,3644,0.00446373885903
514,3532,0.00432654381177
544,3368,0.004125651064
518,3355,0.00410972663887
556,3231,0.00395783212226
630,3115,0.00381573725189
563,3068,0.00375816433027
561,2999,0.00367364238151
529,2979,0.00364914326593
571,2903,0.00355604662672
577,2874,0.00352052290912
555,2665,0.00326450715129
542,2651,0.00324735777038
538,2645,0.00324000803571
650,2619,0.00320815918545
500,2569,0.0031469113965
622,2486,0.00304524006683
790,2430,0.0029766425432
640,2416,0.0029594931623
541,2233,0.00273532625472
652,2179,0.00266917864265
557,2175,0.00266427881953
679,2141,0.00262263032305
744,2086,0.0025552577552
669,2072,0.00253810837429
671,2030,0.00248666023157
810,2010,0.00246216111598
686,1998,0.00244746164663
693,1970,0.00241316288482
789,1856,0.002273517926
546,1855,0.00227229297022
547,1839,0.00225269367776
523,1834,0.00224656889886
658,1789,0.0021914458888
564,1786,0.00218777102147
678,1730,0.00211917349784
543,1675,0.00205180092999
513,1671,0.00204690110687
625,1658,0.00203097668174
637,1606,0.00196727898123
573,1537,0.00188275703247
881,1532,0.00187663225358
866,1531,0.0018754072978
752,1510,0.00184968322644
648,1466,0.00179578517216
575,1449,0.00177496092391
507,1420,0.00173943720632
619,1416,0.0017345373832
757,1411,0.0017284126043
519,1401,0.00171616304651
588,1390,0.00170268853294
574,1384,0.00169533879827
691,1379,0.00168921401937
551,1352,0.00165614021334
722,1338,0.00163899083243
716,1300,0.00159244251283
675,1279,0.00156671844146
530,1275,0.00156181861835
682,1248,0.00152874481231
604,1206,0.00147729666959
725,1169,0.00143197330576
545,1150,0.00140869914596
632,1087,0.00133152693188
801,1087,0.00133152693188
724,1083,0.00132662710876
570,1077,0.00131927737409
612,1071,0.00131192763941
811,1068,0.00130825277207
702,1064,0.00130335294896
531,1060,0.00129845312584
670,1053,0.00128987843539
718,1017,0.00124578002734
503,990,0.00121270622131
520,975,0.00119433188462
636,966,0.00118330728261
855,962,0.00117840745949
509,959,0.00117473259215
649,934,0.00114410869768
536,934,0.00114410869768
550,921,0.00112818427255
765,874,0.00107061135093
698,847,0.00103753754489
592,843,0.00103263772178
522,839,0.00102773789866
709,812,0.000994664092626
605,803,0.000983639490614
502,800,0.000979964623277
642,796,0.000975064800161
828,793,0.000971389932823
687,742,0.00090891718809
705,717,0.000878293293612
743,709,0.000868493647379
610,705,0.000863593824263
584,685,0.000839094708681
804,684,0.000837869752902
516,671,0.000821945327774
868,647,0.000792546389075
611,645,0.000790096477517
800,634,0.000776621963947
525,628,0.000769272229273
600,628,0.000769272229273
540,626,0.000766822317714
633,616,0.000754572759923
576,610,0.000747223025249
624,603,0.000738648334795
634,593,0.000726398777004
526,590,0.000722723909667
656,588,0.000720273998109
762,561,0.000687200192073
676,525,0.000643101784026
651,523,0.000640651872467
764,494,0.000605128154874
537,490,0.000600228331757
813,484,0.000592878597083
692,481,0.000589203729745
581,468,0.000573279304617
758,451,0.000552455056372
627,449,0.000550005144814
565,448,0.000548780189035
628,443,0.00054265541014
582,432,0.00052918089657
598,426,0.000521831161895
549,422,0.000516931338779
554,405,0.000496107090534
603,403,0.000493657178976
673,399,0.000488757355859
569,386,0.000472832930731
773,384,0.000470383019173
736,367,0.000449558770928
746,360,0.000440984080475
662,358,0.000438534168917
756,357,0.000437309213137
657,354,0.0004336343458
606,349,0.000427509566905
559,346,0.000423834699567
759,336,0.000411585141776
644,325,0.000398110628206
553,319,0.000390760893532
710,310,0.00037973629152
737,305,0.000373611512624
717,302,0.000369936645287
734,295,0.000361361954833
643,292,0.000357687087496
754,279,0.000341762662368
771,277,0.00033931275081
597,244,0.0002988892101
821,233,0.000285414696529
639,221,0.00027071522718
802,194,0.000237641421145
558,186,0.000227841774912
767,186,0.000227841774912
749,179,0.000219267084458
760,177,0.0002168171729
661,176,0.000215592217121
755,169,0.000207017526667
647,167,0.000204567615109
631,166,0.00020334265933
638,166,0.00020334265933
745,144,0.00017639363219
711,130,0.000159244251283
596,126,0.000154344428166
766,119,0.000145769737712
626,116,0.000142094870375
747,87,0.000106571152781
552,85,0.000104121241223
740,75,9.18716834322e-05
583,48,5.87978773966e-05
798,9,1.10246020119e-05
None,0,0.0
