3,150195,0.18395744587
2,135539,0.166006912719
4,119851,0.146792395519
1,111893,0.137045510774
0,99592,0.121979359826
5,91065,0.111535569148
6,61508,0.0753344291128
7,23012,0.0281848846125
8,11120,0.0136196730789
9,4817,0.00589981701626
10,3729,0.00456724468625
11,2148,0.00263085051919
12,1000,0.0012247907445
13,449,0.000549931044281
14,124,0.000151874052318
16,71,8.69601428596e-05
15,65,7.96113983926e-05
18,45,5.51155835026e-05
17,45,5.51155835026e-05
20,38,4.6542048291e-05
19,29,3.55189315905e-05
21,13,1.59222796785e-05
24,12,1.4697488934e-05
25,12,1.4697488934e-05
23,10,1.2247907445e-05
22,9,1.10231167005e-05
27,7,8.57353521151e-06
28,6,7.34874446701e-06
30,6,7.34874446701e-06
31,6,7.34874446701e-06
26,5,6.12395372251e-06
29,5,6.12395372251e-06
33,4,4.89916297801e-06
32,3,3.6743722335e-06
37,3,3.6743722335e-06
39,3,3.6743722335e-06
48,2,2.449581489e-06
34,2,2.449581489e-06
42,2,2.449581489e-06
35,1,1.2247907445e-06
46,1,1.2247907445e-06
47,1,1.2247907445e-06
62,1,1.2247907445e-06
65,1,1.2247907445e-06
72,1,1.2247907445e-06
82,1,1.2247907445e-06
110,1,1.2247907445e-06
149,1,1.2247907445e-06
172,1,1.2247907445e-06
36,1,1.2247907445e-06
38,1,1.2247907445e-06
41,1,1.2247907445e-06
45,1,1.2247907445e-06
52,1,1.2247907445e-06
63,1,1.2247907445e-06
69,1,1.2247907445e-06
90,1,1.2247907445e-06
96,1,1.2247907445e-06
138,1,1.2247907445e-06
142,1,1.2247907445e-06
