CA,64806,0.0793737889882
NY,51289,0.0628182924947
TX,46207,0.0565939059312
FL,42285,0.0517902766312
ZZ,31012,0.0379832105685
PA,29064,0.0355973181982
IL,26475,0.0324263349607
NJ,24821,0.0304005310693
OH,24309,0.0297734382081
NC,21131,0.0258810532221
GA,20240,0.0247897646687
MA,20222,0.0247677184353
VA,19048,0.0233298141013
MI,17150,0.0210051612682
H9,15191,0.0186057961997
WA,13514,0.0165518221212
MD,12842,0.0157287627409
MO,11311,0.0138536081111
AZ,11011,0.0134861708877
TN,10774,0.0131958954813
WI,10768,0.0131885467368
MN,10760,0.0131787484108
CO,10722,0.0131322063625
IN,9849,0.0120629640426
CT,9301,0.0113917787146
07,8587,0.010517278123
OR,8337,0.0102110804369
SC,7797,0.00954969343488
02,7203,0.00882216773264
AL,7004,0.00857843437449
KY,6964,0.00852944274471
LA,6509,0.00797216295596
IA,5501,0.0067375738855
OK,5317,0.00651221238851
UT,5113,0.00626235507664
KS,5095,0.00624030884323
04,5047,0.0061815188875
ON,4935,0.00604434232411
NV,4831,0.00591696408669
DC,4621,0.00565975803034
DE,4306,0.00527394894582
AR,3726,0.00456357031401
NH,3628,0.00444354082105
NE,3510,0.0042990155132
05,3039,0.00372213907254
MS,3005,0.00368049618723
ME,2962,0.00362783018521
WV,2851,0.00349187841257
NM,2687,0.00329101273047
01,2613,0.00320037821538
RI,2550,0.00312321639848
08,2512,0.00307667435019
ID,2404,0.00294439694978
QC,2162,0.00264799758961
A7,2113,0.00258798284313
HI,2088,0.00255736307452
00,1928,0.0023613965554
I2,1902,0.00232955199604
09,1836,0.0022487158069
06,1793,0.00219604980489
V2,1734,0.00212378715097
AB,1655,0.00202702868215
BC,1592,0.00194986686525
11,1578,0.00193271979482
N7,1569,0.00192169667812
A8,1544,0.00189107690951
MT,1505,0.00184331007047
SD,1488,0.00182248862782
ND,1484,0.00181758946484
L9,1426,0.00174655160166
F2,1393,0.00170613350709
15,1380,0.00169021122741
VT,1373,0.0016816376922
H8,1368,0.00167551373848
03,1367,0.00167428894773
16,1360,0.00166571541252
H3,1345,0.00164734355135
B7,1331,0.00163019648093
F8,1320,0.00161672378274
H2,1309,0.00160325108455
G5,1254,0.0015358875936
E4,1248,0.00152853884914
J8,1156,0.00141585810064
U8,1094,0.00133992107448
27,1083,0.00132644837629
40,1005,0.00123091469822
17,993,0.00121621720929
C3,988,0.00121009325557
21,982,0.0012027445111
I9,980,0.00120029492961
12,974,0.00119294618514
13,970,0.00118804702217
K2,950,0.00116355120728
AK,945,0.00115742725355
14,919,0.0011255826942
B4,916,0.00112190832196
H4,915,0.00112068353122
20,890,0.00109006376261
18,886,0.00108516459963
B9,860,0.00105332004027
P6,848,0.00103862255134
WY,841,0.00103004901613
J1,828,0.00101412673645
10,801,0.000981057386346
I7,794,0.000972483851134
M4,775,0.000949212826989
E6,775,0.000949212826989
M3,725,0.000887973289763
B6,717,0.000878174963807
H7,712,0.000872051010085
N5,705,0.000863477474873
D9,688,0.000842656032217
19,675,0.000826733752538
I6,649,0.000794889193181
R3,639,0.000782641285736
26,615,0.000753246307868
D4,610,0.000747122354146
N4,609,0.000745897563401
C5,609,0.000745897563401
X5,603,0.000738548818934
B8,589,0.000721401748511
Q3,579,0.000709153841066
C8,568,0.000695681142877
Q4,558,0.000683433235432
34,532,0.000651588676075
B2,531,0.00065036388533
K7,522,0.00063934076863
29,504,0.000617294535229
P3,500,0.000612395372251
N1,482,0.00059034913885
V1,481,0.000589124348105
K4,478,0.000585449975872
C7,470,0.000575651649916
T5,469,0.000574426859171
P8,457,0.000559729370237
C6,454,0.000556054998004
25,435,0.000532783973858
D8,428,0.000524210438647
30,427,0.000522985647902
NS,426,0.000521760857158
E2,412,0.000504613786735
B5,405,0.000496040251523
Q5,401,0.000491141088545
A2,398,0.000487466716312
Z1,395,0.000483792344078
J9,393,0.000481342762589
G8,390,0.000477668390356
MB,386,0.000472769227378
I3,385,0.000471544436633
A4,383,0.000469094855144
A9,379,0.000464195692166
N6,379,0.000464195692166
C9,379,0.000464195692166
23,377,0.000461746110677
H5,376,0.000460521319932
G6,366,0.000448273412487
K6,366,0.000448273412487
G7,357,0.000437250295787
G1,355,0.000434800714298
D3,355,0.000434800714298
D7,349,0.000427451969831
P7,346,0.000423777597597
M1,342,0.000418878434619
44,337,0.000412754480897
N2,337,0.000412754480897
A3,332,0.000406630527174
F9,329,0.000402956154941
NB,321,0.000393157828985
F4,321,0.000393157828985
K3,320,0.00039193303824
K8,312,0.000382134712284
28,309,0.000378460340051
M9,307,0.000376010758562
L3,307,0.000376010758562
D6,305,0.000373561177073
K9,300,0.00036743722335
B1,299,0.000366212432606
56,298,0.000364987641861
B3,298,0.000364987641861
A1,292,0.000357638897394
I1,285,0.000349065362183
51,270,0.000330693501015
P9,269,0.000329468710271
SK,269,0.000329468710271
J7,268,0.000328243919526
D2,265,0.000324569547293
E7,262,0.000320895175059
L1,260,0.00031844559357
U3,255,0.000312321639848
L7,255,0.000312321639848
K1,244,0.000298848941658
E5,242,0.000296399360169
O8,239,0.000292724987936
F6,237,0.000290275406447
N8,237,0.000290275406447
X4,226,0.000276802708257
P2,223,0.000273128336024
22,222,0.000271903545279
I4,221,0.000270678754535
N3,220,0.00026945396379
Y6,213,0.000260880428579
O7,210,0.000257206056345
78,209,0.000255981265601
D5,207,0.000253531684112
A6,207,0.000253531684112
A5,206,0.000252306893367
J5,204,0.000249857311878
Y9,202,0.000247407730389
97,202,0.000247407730389
V8,197,0.000241283776667
C1,193,0.000236384613689
60,192,0.000235159822944
L2,192,0.000235159822944
O2,188,0.000230260659966
Z4,184,0.000225361496988
Y4,180,0.00022046233401
J2,180,0.00022046233401
L6,175,0.000214338380288
J6,175,0.000214338380288
N9,169,0.000206989635821
W1,162,0.000198416100609
32,162,0.000198416100609
J3,162,0.000198416100609
Z7,160,0.00019596651912
NL,160,0.00019596651912
E3,158,0.000193516937631
AE,152,0.000186168193164
24,149,0.000182493820931
Q1,148,0.000181269030186
K5,148,0.000181269030186
M5,147,0.000180044239442
G2,144,0.000176369867208
U9,143,0.000175145076464
31,142,0.000173920285719
W9,141,0.000172695494975
M2,140,0.00017147070423
C2,138,0.000169021122741
Y1,132,0.000161672378274
Z5,129,0.000157998006041
W5,125,0.000153098843063
35,125,0.000153098843063
M7,123,0.000150649261574
58,123,0.000150649261574
83,123,0.000150649261574
F7,119,0.000145750098596
U4,119,0.000145750098596
E9,116,0.000142075726362
X3,108,0.000132277400406
48,106,0.000129827818917
ERROR,106,0.000129827818917
Y5,104,0.000127378237428
X7,102,0.000124928655939
38,99,0.000121254283706
53,96,0.000117579911472
P4,95,0.000116355120728
W2,92,0.000112680748494
E1,89,0.000109006376261
77,88,0.000107781585516
99,88,0.000107781585516
Z3,87,0.000106556794772
O1,86,0.000105332004027
O4,84,0.000102882422538
81,84,0.000102882422538
L5,83,0.000101657631794
D1,83,0.000101657631794
Z8,80,9.79832595601e-05
86,80,9.79832595601e-05
55,80,9.79832595601e-05
52,79,9.67584688156e-05
O3,79,9.67584688156e-05
59,79,9.67584688156e-05
Q2,78,9.55336780711e-05
F5,77,9.43088873266e-05
W4,77,9.43088873266e-05
O6,76,9.30840965821e-05
73,76,9.30840965821e-05
Y7,76,9.30840965821e-05
S5,76,9.30840965821e-05
G9,72,8.81849336041e-05
W6,72,8.81849336041e-05
V7,70,8.57353521151e-05
J4,70,8.57353521151e-05
W7,67,8.20609798816e-05
S6,67,8.20609798816e-05
72,65,7.96113983926e-05
68,64,7.83866076481e-05
98,63,7.71618169036e-05
L8,62,7.59370261591e-05
V3,60,7.34874446701e-05
75,60,7.34874446701e-05
Y3,59,7.22626539256e-05
S9,59,7.22626539256e-05
82,58,7.10378631811e-05
54,57,6.98130724366e-05
74,57,6.98130724366e-05
T6,56,6.85882816921e-05
36,55,6.73634909476e-05
T2,55,6.73634909476e-05
37,54,6.61387002031e-05
39,54,6.61387002031e-05
Y8,53,6.49139094586e-05
42,52,6.36891187141e-05
U2,51,6.24643279696e-05
Z6,51,6.24643279696e-05
V4,51,6.24643279696e-05
85,50,6.12395372251e-05
R8,50,6.12395372251e-05
66,45,5.51155835026e-05
X6,45,5.51155835026e-05
PE,45,5.51155835026e-05
80,43,5.26660020136e-05
R6,40,4.89916297801e-05
45,39,4.77668390356e-05
47,39,4.77668390356e-05
T8,38,4.6542048291e-05
V6,38,4.6542048291e-05
X9,38,4.6542048291e-05
33,37,4.53172575465e-05
Z2,35,4.28676760575e-05
84,34,4.1642885313e-05
87,34,4.1642885313e-05
50,33,4.04180945685e-05
X1,33,4.04180945685e-05
57,32,3.9193303824e-05
Q6,32,3.9193303824e-05
X8,32,3.9193303824e-05
T7,31,3.79685130795e-05
T1,30,3.6743722335e-05
T9,30,3.6743722335e-05
AP,30,3.6743722335e-05
X2,30,3.6743722335e-05
Q9,29,3.55189315905e-05
41,27,3.30693501015e-05
46,27,3.30693501015e-05
76,25,3.06197686125e-05
R4,25,3.06197686125e-05
Q7,24,2.9394977868e-05
Y2,24,2.9394977868e-05
91,24,2.9394977868e-05
U6,23,2.81701871235e-05
V5,23,2.81701871235e-05
71,22,2.6945396379e-05
U1,21,2.57206056345e-05
O9,21,2.57206056345e-05
M6,21,2.57206056345e-05
65,20,2.449581489e-05
R2,20,2.449581489e-05
P5,19,2.32710241455e-05
S1,19,2.32710241455e-05
Q8,17,2.08214426565e-05
61,17,2.08214426565e-05
79,17,2.08214426565e-05
L4,17,2.08214426565e-05
P1,16,1.9596651912e-05
49,16,1.9596651912e-05
67,15,1.83718611675e-05
F1,14,1.7147070423e-05
63,13,1.59222796785e-05
NT,12,1.4697488934e-05
88,10,1.2247907445e-05
S7,10,1.2247907445e-05
YT,10,1.2247907445e-05
90,10,1.2247907445e-05
62,9,1.10231167005e-05
E8,9,1.10231167005e-05
G3,8,9.79832595601e-06
I8,7,8.57353521151e-06
U5,7,8.57353521151e-06
R7,7,8.57353521151e-06
S4,7,8.57353521151e-06
F3,6,7.34874446701e-06
89,6,7.34874446701e-06
H6,5,6.12395372251e-06
W8,5,6.12395372251e-06
S2,5,6.12395372251e-06
S3,4,4.89916297801e-06
T3,4,4.89916297801e-06
T4,4,4.89916297801e-06
43,4,4.89916297801e-06
H1,4,4.89916297801e-06
93,4,4.89916297801e-06
AA,3,3.6743722335e-06
NU,3,3.6743722335e-06
64,3,3.6743722335e-06
70,3,3.6743722335e-06
R9,3,3.6743722335e-06
92,3,3.6743722335e-06
69,2,2.449581489e-06
W3,2,2.449581489e-06
R5,1,1.2247907445e-06
M8,1,1.2247907445e-06
U7,1,1.2247907445e-06
C4,1,1.2247907445e-06
