25000,209651,0.263172363582
100000,108287,0.135931360858
35000,106862,0.1341425756
15000,82262,0.103262493253
45000,64854,0.0814104414848
55000,44915,0.0563812560411
65000,41654,0.0522877621983
75000,35231,0.0442250480148
85000,28690,0.036014209859
300000,23094,0.0289896187691
500000,10830,0.01359476796
9500,8510,0.0106825000314
6500,5884,0.00738611400525
8500,5681,0.00713129056149
7500,5436,0.00682374502592
5500,5397,0.00677478879781
700000,3501,0.00439476293888
4500,1920,0.00241015276854
5000000,1290,0.00161932139136
3500,821,0.00103059136613
900000,616,0.000773257346572
1375,446,0.000559858403525
2500,385,0.000483285841608
625,323,0.00040545799179
1875,77,9.66571683216e-05
875,12,1.50634548034e-05
1625,1,1.25528790028e-06
None,0,0.0
