0,295783,0.276494469325
501,67095,0.0627196168116
803,38275,0.0357790197997
602,34124,0.0318987138249
807,29195,0.027291142601
504,27329,0.0255468277494
511,27125,0.0253561309489
506,22693,0.0212131494792
623,20081,0.0187714826022
524,18400,0.0172001035745
618,16081,0.0150323296512
819,13970,0.0130589916813
539,13436,0.0125598147624
753,13170,0.0123111610911
505,12611,0.0117886144662
613,11888,0.0111127625703
751,10775,0.0100723432617
534,10653,0.00995829909671
510,10306,0.00963392757822
528,9632,0.00900388030597
560,8860,0.00828222378643
617,8382,0.00783539500879
517,7902,0.00738669665467
770,7691,0.00718945633651
508,7629,0.00713149946577
609,7336,0.00685760651211
820,7105,0.00664167042919
512,7071,0.00660988762911
535,6899,0.00644910405221
862,6833,0.00638740802852
533,6807,0.00636310353434
825,6753,0.0063126249695
616,6675,0.00623971148696
515,5869,0.00548627216733
527,5488,0.00513011784875
635,5078,0.00474685467128
641,4970,0.0046458975416
659,4964,0.00464028881217
839,4889,0.00457017969434
548,4639,0.00433648263491
566,4555,0.00425796042294
514,4544,0.00424767775232
544,4407,0.00411961176375
532,4152,0.00388124076312
567,4097,0.00382982741005
556,4002,0.00374102252746
521,3980,0.00372045718623
563,3804,0.00355593445639
518,3585,0.00335121583232
529,3371,0.00315117114944
622,3348,0.00312967101998
542,3335,0.00311751877288
561,3289,0.00307451851395
538,3261,0.00304834444329
555,3258,0.00304554007858
630,3215,0.00300534418436
500,3193,0.00298477884312
571,3186,0.00297823532546
650,3090,0.00288849565464
790,3066,0.00286606073693
669,2968,0.00277445148963
577,2964,0.00277071233668
652,2889,0.00270060321885
640,2774,0.00259310257151
679,2665,0.00249121065359
541,2635,0.00246316700646
658,2629,0.00245755827704
744,2531,0.00236594902974
671,2485,0.0023229487708
686,2415,0.00225751359416
789,2318,0.0021668391351
693,2305,0.00215468688801
557,2272,0.00212383887616
678,2218,0.00207336031132
546,2188,0.00204531666419
547,2187,0.00204438187595
564,2116,0.00197801191107
513,2042,0.00190883758148
752,2042,0.00190883758148
573,2014,0.00188266351082
881,2006,0.00187518520492
523,2006,0.00187518520492
637,1982,0.00185275028721
866,1935,0.00180881524004
625,1933,0.00180694566356
757,1915,0.00179011947528
648,1849,0.00172842345159
716,1817,0.00169851022799
722,1797,0.00167981446323
619,1794,0.00167701009852
675,1781,0.00166485785143
588,1772,0.00165644475729
551,1761,0.00164616208667
574,1705,0.00159381394536
575,1685,0.0015751181806
810,1659,0.00155081368642
543,1595,0.00149098723921
682,1573,0.00147042189798
519,1556,0.00145453049793
507,1536,0.00143583473318
702,1534,0.0014339651567
725,1497,0.00139937799191
691,1476,0.00137974743891
604,1464,0.00136852998006
724,1462,0.00136666040359
545,1454,0.00135918209768
811,1450,0.00135544294473
530,1421,0.00132833408584
632,1394,0.00130309480342
718,1390,0.00129935565047
612,1376,0.00128626861514
670,1344,0.00125635539153
855,1329,0.00124233356797
509,1243,0.00116194177952
570,1209,0.00113015897944
636,1204,0.00112548503825
801,1201,0.00112268067353
531,1199,0.00112081109706
765,1169,0.00109276744993
649,1165,0.00108902829697
709,1082,0.00101144087324
520,1081,0.001010506085
828,1070,0.00100022341439
536,1068,0.000998353837913
642,1063,0.000993679896725
503,1061,0.000991810320249
705,1043,0.00097498413197
550,1033,0.000965636249592
687,1030,0.000962831884879
698,1025,0.00095815794369
592,1023,0.000956288367215
522,974,0.000910483743565
605,962,0.000899266284712
610,951,0.000888983614097
502,925,0.000864679119916
516,908,0.000848787719874
804,907,0.000847852931636
611,907,0.000847852931636
540,903,0.000844113778685
743,900,0.000841309413972
800,886,0.000828222378643
600,839,0.000784287331469
868,829,0.000774939449092
584,809,0.000756243684337
576,808,0.000755308896099
624,775,0.000724460884254
633,768,0.000717917366589
676,745,0.000696417237121
526,724,0.000676786684129
762,717,0.000670243166464
813,712,0.000665569225276
525,693,0.000647808248758
692,673,0.000629112484003
651,668,0.000624438542815
634,656,0.000613221083962
764,640,0.000598264472158
656,617,0.00057676434269
758,616,0.000575829554452
628,596,0.000557133789697
581,557,0.000520677048425
537,555,0.000518807471949
756,551,0.000515068318998
549,535,0.000500111707194
627,533,0.000498242130719
569,530,0.000495437766006
598,528,0.00049356818953
773,519,0.00048515509539
673,516,0.000482350730677
553,494,0.000461785389447
736,492,0.000459915812971
565,491,0.000458981024734
662,491,0.000458981024734
746,474,0.000443089624692
603,465,0.000434676530552
606,448,0.00041878513051
582,446,0.000416915554035
754,440,0.000411306824608
554,436,0.000407567671658
559,427,0.000399154577518
657,416,0.000388871906903
759,411,0.000384197965714
643,409,0.000382328389238
737,391,0.000365502200959
644,384,0.000358958683295
771,367,0.000343067283253
717,362,0.000338393342064
821,333,0.00031128448317
710,311,0.000290719141939
734,304,0.000284175624275
767,303,0.000283240836037
597,284,0.00026547985952
755,277,0.000258936341856
760,272,0.000254262400667
558,232,0.000216870871157
639,232,0.000216870871157
749,212,0.000198175106402
631,204,0.0001906968005
802,200,0.000186957647549
638,194,0.000181348918123
745,186,0.000173870612221
661,183,0.000171066247508
647,179,0.000167327094557
711,174,0.000162653153368
766,154,0.000143957388613
596,147,0.000137413870949
740,137,0.000128065988571
626,126,0.000117783317956
747,100,9.34788237747e-05
552,81,7.57178472575e-05
583,75,7.0109117831e-05
798,11,1.02826706152e-05
None,0,0.0
