2,184617,0.172267166811
3,174594,0.162914648826
1,172076,0.160565088785
4,154319,0.143995931659
0,153422,0.143158935886
5,112057,0.104561020444
6,67638,0.0631134003303
7,24034,0.0224262613256
8,13413,0.0125157461579
9,7645,0.00713359273671
10,3122,0.00291315585664
11,2543,0.00237288768207
12,1047,0.000976961621364
13,445,0.000415232016721
14,140,0.000130634791777
16,110,0.000102641622111
15,106,9.89091994887e-05
17,61,5.69194449888e-05
18,42,3.91904375332e-05
20,33,3.07924866333e-05
22,30,2.79931696666e-05
19,28,2.61269583555e-05
21,26,2.42607470444e-05
24,26,2.42607470444e-05
23,18,1.67959018e-05
29,10,9.33105655553e-06
25,9,8.39795089998e-06
27,7,6.53173958887e-06
26,6,5.59863393332e-06
32,6,5.59863393332e-06
36,5,4.66552827777e-06
30,5,4.66552827777e-06
33,5,4.66552827777e-06
31,4,3.73242262221e-06
35,4,3.73242262221e-06
37,3,2.79931696666e-06
34,2,1.86621131111e-06
40,2,1.86621131111e-06
39,2,1.86621131111e-06
74,2,1.86621131111e-06
38,1,9.33105655553e-07
44,1,9.33105655553e-07
46,1,9.33105655553e-07
49,1,9.33105655553e-07
57,1,9.33105655553e-07
59,1,9.33105655553e-07
63,1,9.33105655553e-07
72,1,9.33105655553e-07
76,1,9.33105655553e-07
102,1,9.33105655553e-07
113,1,9.33105655553e-07
122,1,9.33105655553e-07
42,1,9.33105655553e-07
45,1,9.33105655553e-07
48,1,9.33105655553e-07
55,1,9.33105655553e-07
60,1,9.33105655553e-07
62,1,9.33105655553e-07
66,1,9.33105655553e-07
71,1,9.33105655553e-07
75,1,9.33105655553e-07
82,1,9.33105655553e-07
114,1,9.33105655553e-07
136,1,9.33105655553e-07
162,1,9.33105655553e-07
28,1,9.33105655553e-07
