2,309617,0.431651296207
3,184792,0.257627024126
1,100795,0.140522944157
4,66449,0.0926396062932
5,31644,0.0441163554236
6,7704,0.0107405006378
7,3493,0.00486975191172
9,1937,0.00270046076525
8,1858,0.00259032323275
14,1467,0.00204521215416
10,1276,0.00177893027179
11,1264,0.00176220052002
12,822,0.0011459879964
15,578,0.000805816377033
21,500,0.000697072990513
41,401,0.000559052538391
33,400,0.00055765839241
16,319,0.000444732567947
13,272,0.000379207706839
40,241,0.000335989181427
39,184,0.000256522860509
29,167,0.000232822378831
17,151,0.000210516043135
26,124,0.000172874101647
19,105,0.000146385328008
30,83,0.000115714116425
36,61,8.50429048426e-05
24,54,7.52838829754e-05
18,53,7.38897369944e-05
1000,49,6.83131530703e-05
23,44,6.13424231651e-05
22,36,5.01892553169e-05
46,32,4.46126713928e-05
25,30,4.18243794308e-05
20,25,3.48536495256e-05
65,24,3.34595035446e-05
28,23,3.20653575636e-05
32,19,2.64887736395e-05
27,17,2.37004816774e-05
37,16,2.23063356964e-05
66,16,2.23063356964e-05
60,15,2.09121897154e-05
136,15,2.09121897154e-05
42,11,1.53356057913e-05
35,9,1.25473138292e-05
31,9,1.25473138292e-05
38,9,1.25473138292e-05
134,8,1.11531678482e-05
51,8,1.11531678482e-05
43,7,9.75902186718e-06
34,6,8.36487588615e-06
86,6,8.36487588615e-06
45,5,6.97072990513e-06
57,5,6.97072990513e-06
44,4,5.5765839241e-06
102,4,5.5765839241e-06
117,3,4.18243794308e-06
84,3,4.18243794308e-06
64,2,2.78829196205e-06
79,2,2.78829196205e-06
47,2,2.78829196205e-06
49,2,2.78829196205e-06
112,1,1.39414598103e-06
73,1,1.39414598103e-06
90,1,1.39414598103e-06
48,1,1.39414598103e-06
52,1,1.39414598103e-06
55,1,1.39414598103e-06
61,1,1.39414598103e-06
74,1,1.39414598103e-06
None,0,0.0
