CA,90164,0.0841325383273
NY,59983,0.0559704765371
TX,58547,0.0546305368157
ZZ,55736,0.0520075768179
FL,49790,0.04645933059
IL,40246,0.0375537702134
PA,33492,0.0312515746158
OH,29407,0.0274398380129
NJ,28551,0.0266410995717
VA,25028,0.0233537683472
GA,24382,0.0227509820937
NC,24163,0.0225466319551
H9,24072,0.0224617193405
MA,22577,0.0210667263854
MI,22506,0.0210004758839
WA,17814,0.016622344148
WI,17303,0.016145527158
AZ,15948,0.0148811689948
MD,15423,0.0143912885256
CO,14333,0.013374203361
MO,14172,0.0132239733505
MN,13918,0.012986964514
IN,12589,0.0117468670978
TN,11625,0.0108473532458
CT,9712,0.00906232212673
07,9700,0.00905112485887
OR,9376,0.00874879862647
SC,8824,0.0082337243046
LA,8746,0.00816094206347
KY,8221,0.0076710615943
02,8028,0.00749097220278
ON,7897,0.00736873536191
AL,7826,0.00730248486036
UT,7654,0.00714199068761
IA,6883,0.00642256622717
DE,6754,0.00630219559761
NV,6463,0.00603066185184
OK,6430,0.00599986936521
04,6228,0.00581138202279
KS,6101,0.00569287760453
DC,5217,0.00486801220502
NE,4756,0.00443785049781
QC,4656,0.00434453993226
AR,4543,0.00423909899318
00,4082,0.00380893728597
MS,3752,0.00350101241964
ME,3670,0.00342449775588
NH,3666,0.00342076533326
WV,3436,0.00320615103248
NM,3390,0.00316322817233
ID,3261,0.00304285754276
05,3230,0.00301393126744
08,3176,0.00296354356204
I2,2985,0.00278532038183
A7,2971,0.00277225690265
RI,2797,0.00260989651858
01,2618,0.00244287060624
HI,2538,0.00236822215379
N7,2458,0.00229357370135
V2,2393,0.00223292183374
09,2253,0.00210228704196
F8,2230,0.00208082561188
H3,2206,0.00205843107615
L9,2182,0.00203603654042
MT,2174,0.00202857169517
AB,2167,0.00202203995558
F2,2104,0.00196325429928
A8,2096,0.00195578945404
G5,2028,0.00189233826946
B7,2022,0.00188673963553
06,1987,0.00185408093758
H8,1979,0.00184661609234
ND,1967,0.00183541882447
H2,1963,0.00183168640185
E4,1954,0.00182328845095
11,1944,0.0018139573944
SD,1942,0.00181209118308
J8,1855,0.00173091099105
BC,1833,0.00171038266663
26,1740,0.00162360384066
16,1705,0.00159094514272
03,1662,0.00155082159953
17,1627,0.00151816290159
VT,1595,0.00148830352061
27,1594,0.00148737041495
I9,1587,0.00148083867536
U8,1584,0.0014780393584
K2,1553,0.00144911308307
C3,1546,0.00144258134349
E6,1463,0.00136513357407
H4,1441,0.00134460524965
15,1405,0.00131101344605
null,1374,0.00128208717073
21,1366,0.00127462232549
18,1329,0.00124009741623
J1,1316,0.00122796704271
12,1316,0.00122796704271
40,1298,0.00121117114091
B4,1296,0.0012093049296
P6,1284,0.00119810766173
B9,1258,0.00117384691469
AK,1196,0.00111599436404
M4,1182,0.00110293088486
14,1158,0.00108053634913
I7,1149,0.00107213839823
20,1145,0.00106840597561
WY,1139,0.00106280734168
M3,1133,0.00105720870774
N5,1075,0.00100308857972
I6,1046,0.000976028515709
B6,1038,0.000968563670464
D4,1015,0.000947102240387
R3,996,0.000929373232931
H7,994,0.00092750702162
13,984,0.000918175965065
10,968,0.000903246274576
19,941,0.000878052421876
X5,932,0.000869654470976
C5,930,0.000867788259665
K7,917,0.000855657886142
Q3,904,0.00084352751262
N4,885,0.000825798505165
28,870,0.000811801920331
B8,849,0.000792206701565
C8,818,0.000763280426243
25,812,0.000757681792309
Q4,793,0.000739952784854
N1,792,0.000739019679198
D9,789,0.000736220362232
C7,781,0.000728755516987
K4,742,0.000692364396421
30,739,0.000689565079454
B2,727,0.000678367811587
P3,704,0.00065690638151
G6,704,0.00065690638151
T5,698,0.000651307747576
P8,675,0.000629846317499
V1,665,0.000620515260943
29,662,0.000617715943976
23,653,0.000609317993076
G1,653,0.000609317993076
NS,638,0.000595321408243
Z1,634,0.000591588985621
Q5,627,0.000585057246032
K3,607,0.000566395132921
MB,603,0.000562662710299
A9,597,0.000557064076365
C6,595,0.000555197865054
J9,594,0.000554264759399
F9,592,0.000552398548088
D8,580,0.000541201280221
34,576,0.000537468857599
K6,574,0.000535602646288
E2,572,0.000533736434977
I3,572,0.000533736434977
G8,568,0.000530004012354
M1,566,0.000528137801043
E7,557,0.000519739850143
NB,555,0.000517873638832
H5,551,0.00051414121621
A2,549,0.000512275004899
C9,547,0.000510408793588
L3,543,0.000506676370965
N2,531,0.000495479103099
G7,530,0.000494545997443
A4,529,0.000493612891788
F4,528,0.000492679786132
D3,515,0.00048054941261
N6,496,0.000462820405154
I1,495,0.000461887299499
D6,493,0.000460021088188
SK,490,0.000457221771221
22,489,0.000456288665566
D7,474,0.000442292080732
B5,463,0.000432027918521
K8,462,0.000431094812866
P7,461,0.00043016170721
K9,455,0.000424563073277
J7,449,0.000418964439343
A1,442,0.000412432699755
D2,441,0.000411499594099
M9,440,0.000410566488443
B1,422,0.000393770586644
56,415,0.000387238847055
U3,408,0.000380707107466
P9,408,0.000380707107466
A3,398,0.00037137605091
F6,389,0.00036297810001
L7,388,0.000362044994355
B3,384,0.000358312571732
K1,380,0.00035458014911
X4,379,0.000353647043455
O8,374,0.000348981515177
E5,367,0.000342449775588
L1,364,0.000339650458621
51,362,0.00033778424731
O7,361,0.000336851141655
P2,358,0.000334051824688
D5,345,0.000321921451166
N3,344,0.00032098834551
I4,331,0.000308857971988
A5,328,0.000306058655022
N8,323,0.000301393126744
Y9,323,0.000301393126744
A6,319,0.000297660704122
NL,312,0.000291128964533
V8,307,0.000286463436255
J5,300,0.000279931696666
L2,290,0.00027060064011
G2,288,0.000268734428799
97,286,0.000266868217488
K5,279,0.000260336477899
C1,276,0.000257537160933
N9,276,0.000257537160933
32,262,0.000244473681755
M5,257,0.000239808153477
J6,256,0.000238875047822
L6,251,0.000234209519544
E9,250,0.000233276413888
Y6,249,0.000232343308233
Z4,248,0.000231410202577
24,248,0.000231410202577
J2,247,0.000230477096922
Y4,246,0.000229543991266
U9,235,0.000219279829055
J3,233,0.000217413617744
AE,230,0.000214614300777
E3,228,0.000212748089466
W1,226,0.000210881878155
O2,221,0.000206216349877
Z7,215,0.000200617715944
F7,213,0.000198751504633
M2,211,0.000196885293322
C2,209,0.000195019082011
60,203,0.000189420448077
P4,203,0.000189420448077
Z5,202,0.000188487342422
M7,201,0.000187554236766
W5,201,0.000187554236766
W9,197,0.000183821814144
Q1,189,0.0001763569689
X7,188,0.000175423863244
Y1,180,0.000167959018
42,177,0.000165159701033
O3,176,0.000164226595377
Y5,164,0.000153029327511
31,154,0.000143698270955
53,151,0.000140898953989
X3,151,0.000140898953989
E1,150,0.000139965848333
44,148,0.000138099637022
35,145,0.000135300320055
U4,143,0.000133434108744
O1,143,0.000133434108744
L5,142,0.000132501003089
Y7,133,0.000124103052189
Z8,130,0.000121303735222
O4,130,0.000121303735222
W2,128,0.000119437523911
55,123,0.000114771995633
Q2,122,0.000113838889978
78,122,0.000113838889978
D1,119,0.000111039573011
W4,116,0.000108240256044
W7,116,0.000108240256044
O6,113,0.000105440939078
S6,112,0.000104507833422
V7,112,0.000104507833422
L8,108,0.0001007754108
38,108,0.0001007754108
59,108,0.0001007754108
PE,108,0.0001007754108
W6,107,9.98423051442e-05
Z3,105,9.79760938331e-05
J4,104,9.70429881776e-05
S5,104,9.70429881776e-05
52,103,9.6109882522e-05
V3,103,9.6109882522e-05
48,99,9.23774598998e-05
R8,97,9.05112485887e-05
58,93,8.67788259665e-05
ERROR,91,8.49126146554e-05
99,91,8.49126146554e-05
F5,89,8.30464033443e-05
T1,86,8.02470863776e-05
81,86,8.02470863776e-05
G9,86,8.02470863776e-05
T6,85,7.9313980722e-05
33,84,7.83808750665e-05
X9,82,7.65146637554e-05
Y8,82,7.65146637554e-05
Z6,80,7.46484524443e-05
X6,79,7.37153467887e-05
V4,75,6.99829241665e-05
68,75,6.99829241665e-05
S9,74,6.90498185109e-05
X8,72,6.71836071998e-05
98,72,6.71836071998e-05
54,71,6.62505015443e-05
36,68,6.34511845776e-05
37,64,5.97187619554e-05
T2,63,5.87856562999e-05
Y3,62,5.78525506443e-05
45,61,5.69194449888e-05
U2,61,5.69194449888e-05
X1,61,5.69194449888e-05
83,59,5.50532336776e-05
T9,56,5.2253916711e-05
39,55,5.13208110554e-05
Q9,54,5.03877053999e-05
47,52,4.85214940888e-05
T7,51,4.75883884332e-05
R6,50,4.66552827777e-05
57,50,4.66552827777e-05
50,49,4.57221771221e-05
Z2,48,4.47890714666e-05
T8,47,4.3855965811e-05
X2,46,4.29228601555e-05
R4,46,4.29228601555e-05
U6,44,4.10566488443e-05
AP,44,4.10566488443e-05
61,43,4.01235431888e-05
73,42,3.91904375332e-05
V5,41,3.82573318777e-05
V6,41,3.82573318777e-05
66,41,3.82573318777e-05
41,39,3.63911205666e-05
M6,38,3.5458014911e-05
L4,37,3.45249092555e-05
65,36,3.35918035999e-05
Y2,35,3.26586979444e-05
S1,35,3.26586979444e-05
77,34,3.17255922888e-05
82,34,3.17255922888e-05
86,34,3.17255922888e-05
72,33,3.07924866333e-05
Q6,33,3.07924866333e-05
75,33,3.07924866333e-05
46,32,2.98593809777e-05
Q8,32,2.98593809777e-05
85,31,2.89262753222e-05
P5,30,2.79931696666e-05
R2,30,2.79931696666e-05
62,30,2.79931696666e-05
P1,30,2.79931696666e-05
71,27,2.51938526999e-05
U1,26,2.42607470444e-05
Q7,26,2.42607470444e-05
O9,26,2.42607470444e-05
80,24,2.23945357333e-05
84,23,2.14614300777e-05
74,22,2.05283244222e-05
43,21,1.95952187666e-05
H1,21,1.95952187666e-05
76,21,1.95952187666e-05
F1,21,1.95952187666e-05
49,20,1.86621131111e-05
63,19,1.77290074555e-05
S7,19,1.77290074555e-05
I8,17,1.58627961444e-05
T3,16,1.49296904889e-05
E8,16,1.49296904889e-05
NT,15,1.39965848333e-05
91,15,1.39965848333e-05
YT,14,1.30634791777e-05
87,14,1.30634791777e-05
R7,14,1.30634791777e-05
67,11,1.02641622111e-05
W8,11,1.02641622111e-05
R9,11,1.02641622111e-05
64,10,9.33105655553e-06
G3,8,7.46484524443e-06
T4,8,7.46484524443e-06
88,7,6.53173958887e-06
89,7,6.53173958887e-06
70,6,5.59863393332e-06
90,6,5.59863393332e-06
H6,6,5.59863393332e-06
NU,6,5.59863393332e-06
S3,6,5.59863393332e-06
F3,5,4.66552827777e-06
S2,5,4.66552827777e-06
69,4,3.73242262221e-06
79,4,3.73242262221e-06
U5,3,2.79931696666e-06
93,3,2.79931696666e-06
M8,2,1.86621131111e-06
C4,2,1.86621131111e-06
R5,2,1.86621131111e-06
S4,2,1.86621131111e-06
W3,2,1.86621131111e-06
AA,1,9.33105655553e-07
V9,1,9.33105655553e-07
G4,1,9.33105655553e-07
O5,1,9.33105655553e-07
R1,1,9.33105655553e-07
92,1,9.33105655553e-07
