25000,252288,0.244103455249
15000,150622,0.14573563006
100000,139494,0.134968636584
35000,138467,0.133974953775
45000,80010,0.0774143734719
55000,56542,0.0547077053474
75000,45044,0.0435827151439
65000,43891,0.0424671199357
85000,38464,0.0372161787429
300000,25519,0.0246911310665
9500,12167,0.0117722869895
8500,10728,0.0103799699863
7500,8094,0.00783142030848
5500,7817,0.00756340654205
6500,7677,0.00742794832075
500000,5420,0.00524416828168
700000,3365,0.00325583510477
5000000,2968,0.00287171429152
4500,2360,0.0022834385876
3500,1059,0.00102464468825
900000,620,0.000599886408606
2500,434,0.000419920486024
875,423,0.000409277340065
625,29,2.80592029832e-05
1375,22,2.12862919183e-05
1875,3,2.90267617067e-06
1625,1,9.67558723558e-07
1125,1,9.67558723558e-07
None,0,0.0
