0,199209,0.261138180688
501,50388,0.0660523904469
803,25059,0.0328492270423
504,22793,0.0298787833503
511,21019,0.0275532903628
602,17764,0.0232863908847
807,15920,0.0208691366181
506,15175,0.0198925344334
623,14006,0.0183601210725
524,12752,0.0167162833012
618,11173,0.0146464110197
539,9195,0.0120534994475
819,9110,0.0119420750371
753,8895,0.0116602368228
534,8734,0.0114491858808
751,8717,0.0114269009988
510,8353,0.0109497423474
505,8321,0.0109077943341
528,8142,0.0106731476347
613,8114,0.0106364431231
560,6589,0.00863735811412
535,6379,0.00836207427682
512,6171,0.00808941219035
508,6109,0.00800813791458
616,5874,0.00770008219189
517,5675,0.00743921798416
609,5668,0.00743004185625
533,5429,0.0071167426319
825,4939,0.0064744136782
770,4914,0.00644164179281
862,4875,0.00639051765159
820,4857,0.00636692189411
515,4810,0.00630531074957
659,4451,0.00583470647533
839,4324,0.00566822529754
617,4208,0.00551616374931
527,4088,0.00535885869943
566,3854,0.00505211385215
548,3798,0.00497870482887
544,3624,0.00475061250654
635,3558,0.0046640947291
514,3542,0.00464312072245
641,3514,0.00460641621081
567,3300,0.00432588887185
556,3129,0.00410172917576
521,3058,0.00400865702125
532,3031,0.00397326338502
529,2969,0.00389198910925
518,2906,0.00380940395806
571,2857,0.00374517106269
542,2856,0.00374386018727
577,2822,0.00369929042314
630,2690,0.00352625486826
561,2670,0.00350003735995
563,2668,0.00349741560912
622,2619,0.00343318271375
500,2504,0.00328243204094
650,2469,0.00323655140139
790,2400,0.00314610099771
541,2314,0.00303336571196
640,2303,0.00301894608238
555,2253,0.0029534023116
557,2180,0.00285770840625
538,2162,0.00283411264877
671,1957,0.00256538318855
686,1918,0.00251425904733
652,1914,0.00250901554567
564,1903,0.0024945959161
789,1897,0.0024867306636
744,1879,0.00246313490612
573,1839,0.00241069988949
679,1825,0.00239234763367
669,1800,0.00235957574828
752,1786,0.00234122349246
693,1758,0.00230451898082
678,1669,0.00218785106882
547,1635,0.00214328130469
658,1587,0.00208035928473
523,1578,0.00206856140599
619,1565,0.00205152002559
546,1563,0.00204889827476
513,1487,0.00194927174316
625,1463,0.00191781073319
866,1424,0.00186668659197
575,1413,0.0018522669624
881,1377,0.00180507544743
543,1355,0.00177623618829
757,1344,0.00176181655872
648,1310,0.00171724679458
574,1308,0.00171462504375
691,1305,0.0017106924175
588,1283,0.00168185315836
716,1265,0.00165825740087
637,1241,0.0016267963909
507,1241,0.0016267963909
531,1155,0.00151406110515
551,1152,0.0015101284789
675,1148,0.00150488497724
612,1133,0.001485221846
545,1118,0.00146555871477
682,1114,0.0014603152131
722,1114,0.0014603152131
632,1109,0.00145376083602
519,1078,0.00141312369814
811,1058,0.00138690618982
810,1040,0.00136331043234
530,1011,0.00132529504528
649,998,0.00130825366488
670,980,0.0012846579074
725,978,0.00128203615657
702,963,0.00126237302533
570,960,0.00125844039908
718,936,0.00122697938911
536,932,0.00122173588744
724,925,0.00121255975953
509,920,0.00120600538245
801,893,0.00117061174623
520,875,0.00114701598875
855,844,0.00110637885086
503,821,0.0010762287163
765,803,0.00105263295882
636,784,0.00102772632592
550,773,0.00101330669634
584,765,0.00100281969302
709,762,0.000998887066772
605,754,0.000988400063446
610,749,0.000981845686368
804,747,0.000979223935536
604,738,0.000967426056795
516,734,0.000962182555132
522,725,0.000950384676391
698,714,0.000935965046818
642,708,0.000928099794324
828,705,0.000924167168077
502,689,0.000903193161425
592,682,0.000894017033515
687,660,0.00086517777437
705,652,0.000854690771044
526,641,0.000840271141471
800,641,0.000840271141471
634,617,0.000808810131494
540,615,0.000806188380662
743,612,0.000802255754415
600,601,0.000787836124843
868,589,0.000772105619854
624,559,0.000732779357383
611,536,0.000702629222821
525,532,0.000697385721158
576,532,0.000697385721158
628,528,0.000692142219496
569,513,0.00067247908826
656,499,0.00065412683244
633,496,0.000650194206193
676,491,0.000643639829114
813,489,0.000641018078283
764,485,0.00063577457662
762,481,0.000630531074957
692,471,0.0006174223208
559,464,0.00060824619289
736,460,0.000603002691227
651,459,0.000601691815812
746,452,0.000592515687902
598,448,0.000587272186239
581,438,0.000574163432082
627,429,0.00056236555334
582,421,0.000551878550014
758,413,0.000541391546689
565,405,0.000530904543363
673,400,0.000524350166285
549,399,0.000523039290869
603,396,0.000519106664622
773,389,0.000509930536712
756,388,0.000508619661296
554,377,0.000494200031723
606,362,0.000474536900488
662,361,0.000473226025072
537,359,0.00047060427424
644,337,0.000441765015095
759,335,0.000439143264263
657,316,0.000414236631365
643,314,0.000411614880533
553,301,0.000394573500129
597,286,0.000374910368893
717,278,0.000364423365568
734,259,0.000339516732669
767,258,0.000338205857254
737,254,0.000332962355591
754,253,0.000331651480175
710,252,0.000330340604759
771,249,0.000326407978512
639,207,0.000271351211052
755,206,0.000270040335637
821,205,0.000268729460221
760,186,0.000243822827322
558,184,0.000241201076491
802,184,0.000241201076491
638,181,0.000237268450244
661,174,0.000228092322334
596,164,0.000214983568177
631,158,0.000207118315682
647,155,0.000203185689435
711,139,0.000182211682784
749,125,0.000163859426964
745,117,0.000153372423638
766,109,0.000142885420313
626,103,0.000135020167818
740,98,0.00012846579074
552,75,9.83156561784e-05
747,63,8.25851511898e-05
583,28,3.67045116399e-05
798,11,1.44196295728e-05
None,0,0.0
