3,132510,0.173559174628
1,122380,0.160291085888
2,120888,0.158336891574
0,115639,0.151461847369
4,107696,0.141058251232
5,79403,0.10400059726
6,47446,0.0621439030971
7,17340,0.0227116148823
8,9040,0.0118404266745
9,4350,0.00569755044624
10,2766,0.00362285621478
11,2214,0.00289985670988
12,899,0.00117749375889
13,504,0.000660129982737
14,78,0.000102162973519
15,69,9.03749381128e-05
16,41,5.3701050183e-05
18,38,4.97717050476e-05
17,34,4.45325782005e-05
19,20,2.61956342356e-05
21,15,1.96467256767e-05
20,15,1.96467256767e-05
22,14,1.83369439649e-05
30,11,1.44075988296e-05
34,9,1.1788035406e-05
24,6,7.85869027068e-06
25,6,7.85869027068e-06
27,5,6.5489085589e-06
36,5,6.5489085589e-06
28,5,6.5489085589e-06
23,4,5.23912684712e-06
26,4,5.23912684712e-06
38,3,3.92934513534e-06
35,3,3.92934513534e-06
29,3,3.92934513534e-06
32,2,2.61956342356e-06
37,2,2.61956342356e-06
39,2,2.61956342356e-06
57,2,2.61956342356e-06
33,2,2.61956342356e-06
42,1,1.30978171178e-06
46,1,1.30978171178e-06
63,1,1.30978171178e-06
72,1,1.30978171178e-06
40,1,1.30978171178e-06
44,1,1.30978171178e-06
48,1,1.30978171178e-06
67,1,1.30978171178e-06
73,1,1.30978171178e-06
77,1,1.30978171178e-06
86,1,1.30978171178e-06
94,1,1.30978171178e-06
104,1,1.30978171178e-06
