2,225800,0.439856705672
3,129114,0.251513103172
1,66085,0.12873308412
4,51197,0.0997313718348
5,23660,0.0460895024632
6,5930,0.0115515955033
7,3928,0.0076517145256
10,1463,0.00284991302214
8,1119,0.0021798036034
9,1071,0.00208629996357
11,551,0.00107334386548
12,495,0.000964256285685
13,312,0.000607773658856
24,280,0.000545437898973
17,272,0.000529853959003
15,257,0.000500634071558
36,236,0.000459726229135
31,195,0.000379858536785
14,174,0.000338950694362
16,167,0.000325314746888
39,165,0.000321418761895
26,108,0.000210383189604
18,83,0.000161683377196
34,76,0.000148047429721
29,45,8.7659662335e-05
22,33,6.4283752379e-05
94,32,6.23357598827e-05
25,30,5.843977489e-05
41,28,5.45437898973e-05
23,28,5.45437898973e-05
28,28,5.45437898973e-05
30,27,5.2595797401e-05
40,26,5.06478049047e-05
1000,25,4.86998124083e-05
20,23,4.48038274157e-05
102,23,4.48038274157e-05
32,23,4.48038274157e-05
45,23,4.48038274157e-05
42,21,4.0907842423e-05
38,19,3.70118574303e-05
61,18,3.5063864934e-05
21,18,3.5063864934e-05
33,16,3.11678799413e-05
60,16,3.11678799413e-05
37,14,2.72718949487e-05
19,14,2.72718949487e-05
27,12,2.3375909956e-05
35,8,1.55839399707e-05
48,7,1.36359474743e-05
56,6,1.1687954978e-05
134,5,9.73996248166e-06
77,5,9.73996248166e-06
86,5,9.73996248166e-06
43,3,5.843977489e-06
44,3,5.843977489e-06
62,3,5.843977489e-06
145,3,5.843977489e-06
64,2,3.89598499267e-06
51,2,3.89598499267e-06
55,2,3.89598499267e-06
65,2,3.89598499267e-06
101,2,3.89598499267e-06
47,1,1.94799249633e-06
128,1,1.94799249633e-06
57,1,1.94799249633e-06
75,1,1.94799249633e-06
108,1,1.94799249633e-06
46,1,1.94799249633e-06
53,1,1.94799249633e-06
68,1,1.94799249633e-06
76,1,1.94799249633e-06
79,1,1.94799249633e-06
90,1,1.94799249633e-06
None,0,0.0
