CA,57396,0.0751762311293
NY,43224,0.05661400471
TX,40634,0.0532216700765
FL,38968,0.0510395737446
ZZ,28996,0.0379784305148
PA,27270,0.0357177472802
OH,24750,0.0324170973666
NJ,23616,0.0309318049054
IL,22505,0.0294766374236
VA,20239,0.0265086720647
NC,18151,0.0237738478505
GA,17442,0.0228452126169
MA,15181,0.0198837961665
MI,15090,0.0197646060308
MD,13614,0.0178313682242
H9,12557,0.0164469289548
WA,11787,0.0154383970367
CO,11360,0.0148791202458
MO,11273,0.0147651692369
AZ,11024,0.0144390335907
TN,10360,0.013569338534
WI,9676,0.0126734478432
IN,9369,0.0122713448577
MN,9267,0.0121377471231
07,8143,0.010665552479
CT,7458,0.00976835200645
02,7289,0.00954699889716
KY,7269,0.00952080326293
LA,6638,0.0086943310028
SC,6537,0.00856204304991
OR,6264,0.00820447264259
AL,6243,0.00817696722664
DE,5934,0.0077722446777
ON,5583,0.00731251129687
NV,5424,0.00710425600469
OK,5024,0.00658034331998
UT,4909,0.00642971842313
04,4882,0.00639435431691
KS,4788,0.006271234836
IA,4556,0.00596736547887
AR,3449,0.00451743712393
WV,3268,0.0042803666341
NE,3121,0.00408782872247
MS,2930,0.00383766041552
NH,2903,0.0038022963093
05,2892,0.00378788871047
08,2887,0.00378133980191
ME,2794,0.00365953010271
DC,2721,0.00356391603775
NM,2614,0.00342376939459
QC,2411,0.0031578837071
01,2398,0.00314085654485
ID,2271,0.00297451426745
RI,2136,0.00279769373636
I2,2106,0.00275840028501
A7,2022,0.00264837862122
11,2012,0.0026352808041
HI,1880,0.00246238961815
00,1849,0.00242178638508
06,1752,0.00229473755904
09,1672,0.0021899550221
27,1639,0.00214673222561
L9,1597,0.00209172139371
V2,1590,0.00208255292173
N7,1464,0.00191752042605
H3,1459,0.00191097151749
H2,1450,0.00189918348208
MT,1443,0.0018900150101
AB,1423,0.00186381937586
B7,1407,0.00184286286847
17,1403,0.00183762374163
G5,1388,0.00181797701595
E4,1374,0.00179964007199
F2,1370,0.00179440094514
H8,1360,0.00178130312802
J8,1355,0.00177475421946
A8,1349,0.00176689552919
15,1340,0.00175510749379
21,1312,0.00171843360586
BC,1306,0.00171057491558
F8,1299,0.0017014064436
16,1280,0.00167652059108
ND,1277,0.00167259124594
SD,1260,0.00165032495684
VT,1234,0.00161627063234
26,1219,0.00159662390666
03,1203,0.00157566739927
18,1157,0.00151541744053
I9,1133,0.00148398267945
C3,1112,0.0014564772635
40,1053,0.0013792001425
H4,1032,0.00135169472656
U8,1008,0.00132025996547
12,964,0.00126262957016
B4,960,0.00125739044331
20,959,0.0012560806616
13,947,0.00124036328106
B9,928,0.00121547742853
WY,919,0.00120368939313
K2,911,0.00119321113943
14,909,0.00119059157601
E6,909,0.00119059157601
P6,868,0.00113689052582
10,866,0.0011342709624
M4,857,0.001122482927
J1,856,0.00112117314528
I7,836,0.00109497751105
M3,811,0.00106223296825
AK,796,0.00104258624258
N5,789,0.00103341777059
19,776,0.00101639060834
B6,729,0.000954830867888
N4,717,0.000939113487346
R3,715,0.000936493923923
H7,713,0.000933874360499
B8,700,0.000916847198246
D4,686,0.000898510254281
28,663,0.00086838527491
25,644,0.000843499422386
I6,641,0.000839570077251
23,637,0.000834330950404
Q3,636,0.000833021168692
C5,633,0.000829091823557
D9,632,0.000827782041845
34,609,0.000797657062474
X5,601,0.00078717880878
Q4,587,0.000768841864815
C8,575,0.000753124484273
N1,567,0.000742646230579
K4,551,0.000721689723191
null,549,0.000719070159767
K7,539,0.000705972342649
B2,519,0.000679776708414
C7,500,0.00065489085589
V1,490,0.000641793038772
I3,485,0.000635244130213
T5,483,0.00063262456679
29,474,0.000620836531384
P3,464,0.000607738714266
G6,444,0.00058154308003
K3,438,0.00057368438976
P8,437,0.000572374608048
A2,431,0.000564515917777
G8,419,0.000548798537236
J9,419,0.000548798537236
C9,414,0.000542249628677
A9,414,0.000542249628677
C6,413,0.000540939846965
Z1,408,0.000534390938406
N6,407,0.000533081156694
D8,400,0.000523912684712
E2,400,0.000523912684712
30,397,0.000519983339577
G1,387,0.000506885522459
N2,387,0.000506885522459
Q5,383,0.000501646395612
NS,382,0.0005003366139
P7,381,0.000499026832188
A4,373,0.000488548578494
K6,372,0.000487238796782
B5,366,0.000479380106511
MB,359,0.000470211634529
D7,353,0.000462352944258
M1,349,0.000457113817411
A1,349,0.000457113817411
22,348,0.000455804035699
H5,347,0.000454494253988
G7,345,0.000451874690564
B1,342,0.000447945345429
F9,341,0.000446635563717
D3,339,0.000444016000293
K8,339,0.000444016000293
F4,339,0.000444016000293
51,329,0.000430918183176
I1,329,0.000430918183176
M9,323,0.000423059492905
L3,320,0.00041913014777
A3,318,0.000416510584346
56,314,0.000411271457499
L7,306,0.000400793203805
J7,302,0.000395554076958
B3,291,0.000381146478128
P9,286,0.000374597569569
SK,282,0.000369358442722
D6,279,0.000365429097587
U3,278,0.000364119315875
D2,278,0.000364119315875
K9,275,0.000360189970739
N3,266,0.000348401935333
NB,264,0.00034578237191
O8,264,0.00034578237191
K1,261,0.000341853026775
E5,258,0.000337923681639
X4,256,0.000335304118216
F6,247,0.00032351608281
L2,244,0.000319586737674
78,241,0.000315657392539
J5,238,0.000311728047404
L1,237,0.000310418265692
I4,235,0.000307798702268
A5,227,0.000297320448574
N8,227,0.000297320448574
O7,223,0.000292081321727
A6,221,0.000289461758303
24,219,0.00028684219488
C1,217,0.000284222631456
P2,217,0.000284222631456
Y9,217,0.000284222631456
D5,211,0.000276363941186
V8,204,0.000267195469203
Y4,202,0.00026457590578
L6,201,0.000263266124068
97,201,0.000263266124068
32,199,0.000260646560644
K5,198,0.000259336778932
Y6,195,0.000255407433797
Z4,188,0.000246238961815
E3,186,0.000243619398391
E7,185,0.000242309616679
J2,185,0.000242309616679
60,182,0.000238380271544
48,176,0.000230521581273
J6,175,0.000229211799561
J3,171,0.000223972672714
M7,166,0.000217423764155
U9,166,0.000217423764155
M5,166,0.000217423764155
AE,165,0.000216113982444
W1,165,0.000216113982444
N9,162,0.000212184637308
42,155,0.000203016165326
NL,155,0.000203016165326
Z7,154,0.000201706383614
83,152,0.000199086820191
W9,149,0.000195157475055
35,148,0.000193847693343
C2,147,0.000192537911632
O2,145,0.000189918348208
38,142,0.000185989003073
Q1,142,0.000185989003073
W5,139,0.000182059657937
58,135,0.00017682053109
E9,135,0.00017682053109
86,134,0.000175510749379
31,134,0.000175510749379
53,134,0.000175510749379
G2,132,0.000172891185955
Z5,130,0.000170271622531
F7,123,0.000161103150549
P4,122,0.000159793368837
Y1,122,0.000159793368837
M2,120,0.000157173805414
Y5,117,0.000153244460278
U4,117,0.000153244460278
73,114,0.000149315115143
77,113,0.000148005333431
O3,109,0.000142766206584
68,109,0.000142766206584
X7,109,0.000142766206584
O4,108,0.000141456424872
O1,106,0.000138836861449
X3,106,0.000138836861449
59,101,0.00013228795289
E1,101,0.00013228795289
44,100,0.000130978171178
W2,99,0.000129668389466
99,95,0.000124429262619
Z8,91,0.000119190135772
55,90,0.00011788035406
52,88,0.000115260790637
Z3,85,0.000111331445501
37,84,0.00011002166379
66,83,0.000108711882078
Z6,80,0.000104782536942
D1,80,0.000104782536942
S6,79,0.000103472755231
W4,79,0.000103472755231
47,78,0.000102162973519
98,78,0.000102162973519
O6,76,9.95434100953e-05
L5,76,9.95434100953e-05
33,75,9.82336283835e-05
L8,75,9.82336283835e-05
81,74,9.69238466717e-05
54,73,9.56140649599e-05
S5,73,9.56140649599e-05
W7,72,9.43042832482e-05
G9,71,9.29945015364e-05
72,70,9.16847198246e-05
ERROR,70,9.16847198246e-05
R8,69,9.03749381128e-05
V7,69,9.03749381128e-05
V3,68,8.9065156401e-05
39,67,8.77553746893e-05
Y7,66,8.64455929775e-05
61,65,8.51358112657e-05
71,64,8.38260295539e-05
S9,62,8.12064661304e-05
65,60,7.85869027068e-05
Y8,60,7.85869027068e-05
J4,59,7.7277120995e-05
57,58,7.59673392832e-05
75,57,7.46575575715e-05
80,57,7.46575575715e-05
F5,56,7.33477758597e-05
Q2,55,7.20379941479e-05
41,55,7.20379941479e-05
45,55,7.20379941479e-05
V4,53,6.94184307243e-05
X9,52,6.81086490126e-05
82,52,6.81086490126e-05
74,49,6.41793038772e-05
W6,48,6.28695221654e-05
36,48,6.28695221654e-05
85,48,6.28695221654e-05
PE,46,6.02499587419e-05
Y3,44,5.76303953183e-05
T8,43,5.63206136065e-05
X6,41,5.3701050183e-05
T6,40,5.23912684712e-05
84,38,4.97717050476e-05
87,38,4.97717050476e-05
V6,38,4.97717050476e-05
T1,36,4.71521416241e-05
91,36,4.71521416241e-05
T2,36,4.71521416241e-05
Y2,36,4.71521416241e-05
Z2,34,4.45325782005e-05
50,33,4.32227964887e-05
V5,33,4.32227964887e-05
Q9,32,4.1913014777e-05
X8,32,4.1913014777e-05
X2,31,4.06032330652e-05
U2,31,4.06032330652e-05
T7,30,3.92934513534e-05
T9,30,3.92934513534e-05
X1,30,3.92934513534e-05
AP,30,3.92934513534e-05
Q7,30,3.92934513534e-05
Q8,30,3.92934513534e-05
46,29,3.79836696416e-05
P5,29,3.79836696416e-05
70,29,3.79836696416e-05
L4,29,3.79836696416e-05
43,28,3.66738879298e-05
F1,28,3.66738879298e-05
49,27,3.53641062181e-05
Q6,27,3.53641062181e-05
88,26,3.40543245063e-05
S1,25,3.27445427945e-05
76,24,3.14347610827e-05
90,24,3.14347610827e-05
79,22,2.88151976592e-05
63,21,2.75054159474e-05
U6,20,2.61956342356e-05
R6,20,2.61956342356e-05
O9,19,2.48858525238e-05
62,18,2.3576070812e-05
R2,18,2.3576070812e-05
67,16,2.09565073885e-05
R4,16,2.09565073885e-05
R7,16,2.09565073885e-05
U1,14,1.83369439649e-05
NT,13,1.70271622531e-05
64,13,1.70271622531e-05
P1,11,1.44075988296e-05
93,10,1.30978171178e-05
S7,10,1.30978171178e-05
89,7,9.16847198246e-06
T4,6,7.85869027068e-06
H1,6,7.85869027068e-06
69,6,7.85869027068e-06
F3,6,7.85869027068e-06
S2,5,6.5489085589e-06
W8,5,6.5489085589e-06
92,5,6.5489085589e-06
M6,4,5.23912684712e-06
YT,4,5.23912684712e-06
G3,4,5.23912684712e-06
I8,4,5.23912684712e-06
S3,4,5.23912684712e-06
T3,4,5.23912684712e-06
O5,3,3.92934513534e-06
R9,3,3.92934513534e-06
NU,2,2.61956342356e-06
AA,2,2.61956342356e-06
E8,2,2.61956342356e-06
PR,1,1.30978171178e-06
S4,1,1.30978171178e-06
H6,1,1.30978171178e-06
U5,1,1.30978171178e-06
W3,1,1.30978171178e-06
