25000,196973,0.266403292493
35000,118631,0.160446807388
100000,98355,0.133023794292
15000,84928,0.114863960161
45000,51757,0.0700006356686
55000,42734,0.0577971513933
75000,29351,0.0396968266613
65000,28799,0.0389502541998
85000,26416,0.0357272792438
300000,22999,0.0311058334088
8500,6705,0.00906842093162
9500,6654,0.00899944412811
7500,6114,0.00826910150275
6500,4265,0.00576835425404
500000,4228,0.00571831225934
5500,3304,0.00446861487816
4500,2012,0.00272120252266
5000000,1401,0.00189483336692
700000,1394,0.00188536596252
900000,1263,0.00170819025155
3500,656,0.000887231041185
875,260,0.00035164644925
2500,152,0.000205577924177
1875,22,2.97546995519e-05
1125,4,5.40994537308e-06
1625,2,2.70497268654e-06
None,0,0.0
