0,209952,0.250079507731
501,59998,0.0714652411258
803,29916,0.0356337570172
504,22506,0.0268075055298
602,21792,0.0259570408116
511,21681,0.0258248257083
506,19989,0.023809438729
807,19029,0.0226659567549
623,16252,0.0193581969195
524,14580,0.0173666324813
618,13519,0.0161028466746
819,11014,0.0131190733984
505,10097,0.0120268098878
539,9645,0.0114884204583
613,9618,0.0114562600278
753,9551,0.011376454515
534,8952,0.0106629694083
510,8896,0.0105962662931
751,8470,0.0100888461671
528,7995,0.00952306081537
560,7434,0.00885483853677
517,6458,0.00769229852979
508,6453,0.00768634289451
535,6341,0.0075529366642
533,6327,0.00753626088541
512,6205,0.00739094338454
616,6092,0.00725634602717
609,6069,0.00722895010488
825,5846,0.00696332877132
820,5770,0.00687280311504
862,5671,0.00675488153646
770,5334,0.00635347171847
515,5034,0.00599613360158
617,4731,0.00563522210351
527,4665,0.00555660771779
659,4494,0.00535292499116
635,4421,0.00526597271604
514,4001,0.00476569935238
839,3999,0.00476331709827
641,3901,0.00464658664675
566,3899,0.00464420439264
548,3797,0.00452270943289
532,3575,0.00425827922639
544,3556,0.00423564781232
567,3546,0.00422373654175
521,3445,0.00410343270906
556,3384,0.00403077395863
518,3228,0.00384495813784
563,3209,0.00382232672377
538,2967,0.00353407397614
630,2895,0.00344831282808
529,2872,0.00342091690579
542,2817,0.00335540491769
561,2783,0.00331490659777
650,2769,0.00329823081898
555,2743,0.00326726151552
571,2648,0.00315410444517
790,2634,0.00313742866638
577,2579,0.00307191667828
622,2521,0.00300283130901
500,2519,0.0030004490549
640,2443,0.00290992339862
541,2362,0.00281344210706
679,2258,0.0026895648932
652,2236,0.00266336009796
557,2224,0.00264906657328
671,2117,0.00252161597825
669,2110,0.00251327808886
744,2070,0.00246563300661
686,2033,0.00242156130552
789,2028,0.00241560567024
564,1985,0.00236438720682
678,1922,0.00228934620227
547,1909,0.00227386155054
546,1883,0.00224289224707
658,1882,0.00224170112002
693,1830,0.00217976251309
513,1798,0.00214164644728
625,1745,0.0020785167133
810,1743,0.00207613445919
752,1631,0.00194272822888
637,1628,0.00193915484771
573,1597,0.00190222990896
523,1586,0.00188912751134
866,1576,0.00187721624078
881,1546,0.00184148242909
588,1533,0.00182599777736
722,1496,0.00178192607627
543,1475,0.00175691240809
575,1474,0.00175572128103
648,1456,0.00173428099402
675,1456,0.00173428099402
551,1433,0.00170688507172
574,1424,0.00169616492822
691,1404,0.00167234238709
619,1392,0.00165804886241
507,1365,0.00162588843189
757,1350,0.00160802152605
682,1335,0.0015901546202
716,1328,0.00158181673081
519,1299,0.00154727404618
604,1228,0.00146270402518
530,1196,0.00142458795937
545,1196,0.00142458795937
632,1178,0.00140314767236
702,1165,0.00138766302063
725,1155,0.00137575175006
612,1153,0.00137336949595
801,1128,0.00134359131954
670,1099,0.00130904863491
531,1099,0.00130904863491
724,1069,0.00127331482322
570,1066,0.00126974144205
636,1044,0.00124353664681
765,1039,0.00123758101153
509,1022,0.00121733185157
811,1013,0.00120661170806
718,996,0.00118636254811
649,987,0.0011756424046
855,976,0.00116254000698
536,955,0.0011375263388
520,947,0.00112799732235
709,937,0.00111608605178
605,896,0.00106724984247
550,868,0.0010338982849
503,848,0.00101007574377
502,801,0.000954092772122
698,786,0.000936225866277
522,781,0.000930270230995
804,776,0.000924314595714
828,768,0.000914785579263
642,760,0.000905256562812
687,757,0.000901683181643
540,742,0.000883816275798
592,736,0.00087666951346
705,730,0.000869522751122
610,726,0.000864758242897
516,723,0.000861184861728
611,723,0.000861184861728
634,716,0.000852846972334
743,708,0.000843317955883
526,693,0.000825451050038
584,690,0.000821877668869
600,674,0.000802819635968
576,673,0.000801628508911
624,662,0.000788526111292
800,655,0.000780188221897
633,647,0.000770659205447
868,610,0.000726587504363
692,585,0.000696809327954
525,577,0.000687280311504
656,574,0.000683706930335
651,567,0.00067536904094
676,560,0.000667031151546
813,557,0.000663457770377
627,543,0.000646781991588
628,532,0.000633679593969
762,485,0.000577696622321
537,475,0.000565785351758
581,457,0.000544345064744
746,455,0.000541962810631
758,454,0.000540771683575
582,454,0.000540771683575
569,451,0.000537198302406
673,447,0.00053243379418
603,446,0.000531242667124
549,441,0.000525287031842
773,441,0.000525287031842
598,430,0.000512184634223
565,429,0.000510993507166
764,416,0.000495508855434
559,415,0.000494317728378
553,413,0.000491935474265
606,409,0.00048717096604
662,408,0.000485979838983
736,402,0.000478833076645
554,394,0.000469304060195
756,385,0.000458583916688
657,364,0.000433570248505
759,345,0.000410938834435
710,334,0.000397836436815
644,320,0.000381160658026
737,318,0.000378778403914
643,312,0.000371631641576
771,305,0.000363293752181
717,303,0.000360911498069
734,288,0.000343044592224
754,282,0.000335897829886
821,265,0.000315648669928
597,253,0.000301355145252
639,225,0.000268003587675
661,217,0.000258474571224
767,212,0.000252518935942
749,197,0.000234652030097
802,196,0.000233460903041
760,192,0.000228696394816
647,188,0.00022393188659
558,188,0.00022393188659
755,176,0.000209638361914
638,157,0.000187006947844
631,144,0.000171522296112
596,136,0.000161993279661
745,133,0.000158419898492
766,129,0.000153655390267
711,118,0.000140552992647
626,94,0.000111965943295
552,89,0.000106010308014
740,84,0.000100054672732
747,84,0.000100054672732
583,41,4.88362093096e-05
798,7,8.33788939432e-06
None,0,0.0
