3,148874,0.177309052797
2,133115,0.158540071222
1,124607,0.148407036433
4,123746,0.147381584746
0,118320,0.140919214416
5,90260,0.107499732025
6,58055,0.0691435513262
7,21236,0.0252920929457
8,10189,0.0121351071305
9,4502,0.00536188559246
10,2847,0.00339077927182
11,2211,0.00263330276431
12,943,0.00112311375249
13,470,0.000559770375046
15,67,7.9797053464e-05
14,53,6.31230422924e-05
16,37,4.40670295249e-05
18,17,2.02470135655e-05
20,15,1.78650119696e-05
17,13,1.54830103736e-05
19,10,1.19100079797e-05
21,7,8.33700558579e-06
23,6,7.14600478782e-06
25,6,7.14600478782e-06
22,5,5.95500398985e-06
34,2,2.38200159594e-06
33,2,2.38200159594e-06
36,1,1.19100079797e-06
41,1,1.19100079797e-06
56,1,1.19100079797e-06
60,1,1.19100079797e-06
24,1,1.19100079797e-06
26,1,1.19100079797e-06
28,1,1.19100079797e-06
29,1,1.19100079797e-06
32,1,1.19100079797e-06
37,1,1.19100079797e-06
39,1,1.19100079797e-06
46,1,1.19100079797e-06
53,1,1.19100079797e-06
27,1,1.19100079797e-06
30,1,1.19100079797e-06
