CA,67948,0.0809261222205
NY,53147,0.0632981194097
TX,49030,0.0583947691245
FL,39866,0.0474804378119
ZZ,32943,0.0392351392875
PA,28933,0.0344592260877
IL,27023,0.0321844145636
OH,25719,0.030631349523
NJ,25335,0.0301740052166
NC,20443,0.0243476293129
MA,19792,0.0235722877934
VA,19663,0.0234186486905
GA,19622,0.0233698176578
MI,18411,0.0219275156914
H9,15622,0.0186058144659
WA,14114,0.0168097852626
MD,13310,0.015852220621
AZ,11926,0.0142038755166
MO,11799,0.0140526184153
CO,11242,0.0133892309708
WI,11146,0.0132748948942
MN,11126,0.0132510748782
TN,10900,0.0129819086979
IN,10444,0.012438812334
CT,8908,0.0106094351083
07,8855,0.010546312066
OR,8175,0.00973643152341
SC,7526,0.00896347200553
KY,7165,0.00853352071746
02,6969,0.00830008456106
AL,6808,0.00810833343258
LA,6651,0.0079213463073
IA,5752,0.00685063658993
OK,5682,0.00676726653407
KS,5622,0.00669580648619
UT,5306,0.00631945023403
ON,5156,0.00614080011434
NV,5103,0.00607767707204
04,4842,0.00576682586377
DE,4631,0.0055155246954
DC,4459,0.00531067255815
NE,3745,0.0044602979884
AR,3674,0.00437573693174
NH,3338,0.00397556066363
MS,3175,0.00378142753356
WV,3069,0.00365518144897
05,3014,0.00358967640508
ME,2932,0.00349201433965
NM,2919,0.00347653132928
08,2685,0.00319783714255
00,2639,0.00314305110584
QC,2490,0.00296559198695
01,2402,0.00286078391673
RI,2396,0.00285363791194
ID,2339,0.00278575086645
I2,2148,0.00255826971404
HI,2070,0.0024653716518
A7,2061,0.00245465264462
06,2013,0.00239748460631
09,1876,0.00223431749699
V2,1750,0.00208425139645
AB,1651,0.00196634231745
03,1597,0.00190202827436
BC,1595,0.00189964627276
26,1592,0.00189607327037
A8,1588,0.00189130926718
27,1564,0.00186272524803
16,1553,0.00184962423925
N7,1542,0.00183652323047
11,1521,0.00181151221371
F2,1501,0.00178769219775
ND,1496,0.00178173719376
MT,1475,0.00175672617701
L9,1457,0.00173528816264
B7,1445,0.00172099615307
SD,1428,0.0017007491395
H3,1410,0.00167931112514
15,1407,0.00167573812274
H8,1391,0.00165668210998
G5,1343,0.00159951407167
J8,1313,0.00156378404774
H2,1310,0.00156021104534
F8,1304,0.00155306504055
E4,1272,0.00151495301502
VT,1251,0.00148994199826
17,1234,0.0014696949847
U8,1142,0.00136012291128
12,1112,0.00132439288734
21,1079,0.00128508986101
18,1079,0.00128508986101
14,1073,0.00127794385622
H4,1029,0.00122553982111
C3,1026,0.00122196681872
I9,1007,0.00119933780356
K2,989,0.00117789978919
10,972,0.00115765277563
13,966,0.00115050677084
B4,929,0.00110643974131
AK,926,0.00110286673892
B9,920,0.00109572073413
E6,911,0.00108500172695
20,890,0.00105999071019
40,885,0.0010540357062
P6,877,0.00104450769982
WY,862,0.00102664268785
J1,839,0.000999249669497
M4,834,0.000993294665507
D9,819,0.000975429653538
I7,760,0.000905160606458
M3,738,0.000878958588902
B6,733,0.000873003584912
28,709,0.000844419565761
H7,703,0.000837273560973
N5,696,0.000828936555387
19,664,0.000790824529852
C5,658,0.000783678525065
D4,648,0.000771768517085
X5,639,0.000761049509903
R3,638,0.000759858509105
25,630,0.000750330502721
N4,626,0.00074556649953
B8,623,0.000741993497136
I6,605,0.000720555482772
Q3,600,0.000714600478782
K7,564,0.000671724450055
C8,549,0.000653859438086
C7,543,0.000646713433298
B2,538,0.000640758429308
23,534,0.000635994426116
Q4,522,0.000621702416541
29,522,0.000621702416541
34,514,0.000612174410157
30,509,0.000606219406167
K4,508,0.000605028405369
N1,508,0.000605028405369
Z1,498,0.000593118397389
P3,483,0.00057525338542
P8,482,0.000574062384622
T5,481,0.000572871383824
V1,475,0.000565725379036
NS,442,0.000526422352703
C6,429,0.000510939342329
D8,426,0.000507366339935
G6,415,0.000494265331158
I3,415,0.000494265331158
G8,407,0.000484737324774
A9,403,0.000479973321582
C9,401,0.000477591319986
MB,397,0.000472827316794
G7,390,0.000464490311209
K3,389,0.000463299310411
G1,385,0.000458535307219
H5,383,0.000456153305623
N6,382,0.000454962304825
E2,373,0.000444243297643
J9,364,0.000433524290461
A2,362,0.000431142288865
K6,357,0.000425187284875
A4,356,0.000423996284078
22,351,0.000418041280088
A1,348,0.000414468277694
N2,348,0.000414468277694
L3,347,0.000413277276896
B5,347,0.000413277276896
M1,342,0.000407322272906
F4,337,0.000401367268916
F9,337,0.000401367268916
Q5,332,0.000395412264926
NB,325,0.00038707525934
D3,323,0.000384693257744
56,316,0.000376356252159
I1,314,0.000373974250563
SK,313,0.000372783249765
D7,310,0.000369210247371
B3,302,0.000359682240987
K8,302,0.000359682240987
J7,299,0.000356109238593
51,299,0.000356109238593
A3,296,0.000352536236199
K1,291,0.000346581232209
B1,285,0.000339435227422
U3,281,0.00033467122423
M9,279,0.000332289222634
P9,278,0.000331098221836
K9,278,0.000331098221836
L1,277,0.000329907221038
D6,276,0.00032871622024
L7,274,0.000326334218644
P7,268,0.000319188213856
O8,261,0.00031085120827
D2,255,0.000303705203482
P2,243,0.000289413193907
A5,240,0.000285840191513
X4,236,0.000281076188321
E5,235,0.000279885187523
N3,229,0.000272739182735
A6,228,0.000271548181937
24,228,0.000271548181937
I4,227,0.000270357181139
F6,221,0.000263211176351
V8,219,0.000260829174756
J5,218,0.000259638173958
97,216,0.000257256172362
O7,214,0.000254874170766
Y9,212,0.00025249216917
NL,212,0.00025249216917
C1,211,0.000251301168372
N8,209,0.000248919166776
Y6,207,0.00024653716518
L2,205,0.000244155163584
60,203,0.000241773161988
78,203,0.000241773161988
E3,196,0.000233436156402
D5,195,0.000232245155604
Y4,187,0.00022271714922
M5,182,0.000216762145231
L6,180,0.000214380143635
N9,175,0.000208425139645
Z4,174,0.000207234138847
E7,174,0.000207234138847
M7,170,0.000202470135655
J2,170,0.000202470135655
O2,165,0.000196515131665
U9,164,0.000195324130867
M2,157,0.000186987125281
32,155,0.000184605123685
K5,152,0.000181032121292
W1,151,0.000179841120494
G2,149,0.000177459118898
31,148,0.0001762681181
Z7,148,0.0001762681181
E9,147,0.000175077117302
W9,147,0.000175077117302
J3,143,0.00017031311411
J6,142,0.000169122113312
AE,134,0.000159594106928
O1,130,0.000154830103736
W5,129,0.000153639102938
Y1,127,0.000151257101342
Q1,126,0.000150066100544
U4,124,0.000147684098948
53,122,0.000145302097352
Z5,122,0.000145302097352
C2,122,0.000145302097352
O3,119,0.000141729094958
58,119,0.000141729094958
35,118,0.000140538094161
F7,115,0.000136965091767
48,113,0.000134583090171
P4,111,0.000132201088575
W2,109,0.000129819086979
83,108,0.000128628086181
44,106,0.000126246084585
Y5,104,0.000123864082989
L5,103,0.000122673082191
O4,101,0.000120291080595
X7,101,0.000120291080595
D1,97,0.000115527077403
X3,97,0.000115527077403
42,96,0.000114336076605
ERROR,94,0.000111954075009
E1,93,0.000110763074211
S6,92,0.000109572073413
99,87,0.000103617069423
81,86,0.000102426068625
V3,86,0.000102426068625
Z3,85,0.000101235067827
52,84,0.00010004406703
55,84,0.00010004406703
59,84,0.00010004406703
V7,84,0.00010004406703
77,82,9.76620654336e-05
J4,81,9.64710646356e-05
Z6,79,9.40890630397e-05
68,77,9.17070614437e-05
Q2,77,9.17070614437e-05
Y7,77,9.17070614437e-05
86,76,9.05160606458e-05
38,75,8.93250598478e-05
Z8,74,8.81340590498e-05
54,74,8.81340590498e-05
W4,74,8.81340590498e-05
S5,74,8.81340590498e-05
O6,73,8.69430582518e-05
73,73,8.69430582518e-05
R8,72,8.57520574539e-05
W6,71,8.45610566559e-05
F5,71,8.45610566559e-05
98,70,8.33700558579e-05
33,70,8.33700558579e-05
T6,67,7.9797053464e-05
V4,65,7.74150518681e-05
Y8,64,7.62240510701e-05
36,62,7.38420494742e-05
66,59,7.02690470803e-05
39,58,6.90780462823e-05
S9,58,6.90780462823e-05
37,57,6.78870454843e-05
82,57,6.78870454843e-05
Y3,56,6.66960446863e-05
L8,55,6.55050438884e-05
W7,54,6.43140430904e-05
X9,53,6.31230422924e-05
74,52,6.19320414945e-05
X8,52,6.19320414945e-05
X6,49,5.83590391006e-05
72,49,5.83590391006e-05
T1,48,5.71680383026e-05
57,48,5.71680383026e-05
47,47,5.59770375046e-05
PE,47,5.59770375046e-05
U2,45,5.35950359087e-05
T2,44,5.24040351107e-05
50,44,5.24040351107e-05
T9,41,4.88310327168e-05
G9,41,4.88310327168e-05
V6,41,4.88310327168e-05
Z2,38,4.52580303229e-05
X1,38,4.52580303229e-05
75,36,4.28760287269e-05
AP,35,4.1685027929e-05
61,35,4.1685027929e-05
T8,34,4.0494027131e-05
85,34,4.0494027131e-05
80,33,3.9303026333e-05
45,32,3.81120255351e-05
Q9,32,3.81120255351e-05
R6,32,3.81120255351e-05
T7,31,3.69210247371e-05
Y2,30,3.57300239391e-05
L4,29,3.45390231411e-05
Q6,28,3.33480223432e-05
41,28,3.33480223432e-05
65,28,3.33480223432e-05
U6,27,3.21570215452e-05
46,26,3.09660207472e-05
X2,26,3.09660207472e-05
87,25,2.97750199493e-05
V5,23,2.73930183533e-05
Q7,23,2.73930183533e-05
S1,23,2.73930183533e-05
84,23,2.73930183533e-05
U1,22,2.62020175554e-05
P5,19,2.26290151614e-05
Q8,19,2.26290151614e-05
62,19,2.26290151614e-05
76,18,2.14380143635e-05
63,17,2.02470135655e-05
79,16,1.90560127675e-05
71,16,1.90560127675e-05
F1,15,1.78650119696e-05
S7,14,1.66740111716e-05
O9,12,1.42920095756e-05
R7,12,1.42920095756e-05
49,12,1.42920095756e-05
P1,12,1.42920095756e-05
91,11,1.31010087777e-05
YT,10,1.19100079797e-05
NT,10,1.19100079797e-05
R4,10,1.19100079797e-05
90,10,1.19100079797e-05
M6,9,1.07190071817e-05
E8,9,1.07190071817e-05
H1,8,9.52800638376e-06
70,8,9.52800638376e-06
W8,8,9.52800638376e-06
88,8,9.52800638376e-06
G3,8,9.52800638376e-06
T3,7,8.33700558579e-06
43,7,8.33700558579e-06
R9,7,8.33700558579e-06
H6,6,7.14600478782e-06
64,6,7.14600478782e-06
67,6,7.14600478782e-06
R2,6,7.14600478782e-06
S2,6,7.14600478782e-06
I8,5,5.95500398985e-06
T4,4,4.76400319188e-06
W3,4,4.76400319188e-06
R1,4,4.76400319188e-06
89,4,4.76400319188e-06
S4,4,4.76400319188e-06
AA,3,3.57300239391e-06
U5,3,3.57300239391e-06
NU,2,2.38200159594e-06
O5,2,2.38200159594e-06
69,2,2.38200159594e-06
93,2,2.38200159594e-06
F3,2,2.38200159594e-06
C4,1,1.19100079797e-06
AOL,1,1.19100079797e-06
R5,1,1.19100079797e-06
