25000,210678,0.25732889872
100000,118741,0.145034084066
35000,116813,0.142679162733
15000,83606,0.102119062771
45000,62531,0.0763773785866
55000,46801,0.0571642496559
65000,38694,0.0472620985916
75000,37303,0.0455630863638
85000,29326,0.035819721489
300000,27567,0.0336712222017
9500,8454,0.0103259880471
500000,6045,0.00738355781222
6500,5773,0.00705132824648
7500,5627,0.00687299914133
8500,5601,0.00684124190343
5500,4992,0.00609738967719
700000,4431,0.00541216619784
4500,2086,0.00254790762552
3500,1166,0.00142418997668
5000000,1120,0.00136800409424
900000,658,0.000803702405366
875,341,0.000416508389407
2500,183,0.000223522097541
625,83,0.000101378874841
1875,67,8.1835959209e-05
1375,16,1.9542915632e-05
1625,4,4.885728908e-06
1125,4,4.885728908e-06
None,0,0.0
