0,254561,0.268930494164
501,57867,0.061133484335
803,34338,0.0362763161231
807,28505,0.0301140541409
504,25953,0.0274179984956
602,25864,0.0273239746114
511,23825,0.0251698768604
506,19142,0.0202225302355
623,16950,0.0179067959196
524,15562,0.0164404459056
618,15332,0.0161974628342
819,11946,0.0126203294428
505,11083,0.0117086147007
753,10577,0.0111740519434
539,10420,0.011008189586
613,10165,0.0107387953111
510,9651,0.0101957809687
534,9566,0.0101059828771
751,9527,0.0100647813998
528,8821,0.00931892901514
560,8054,0.00850863329417
517,7284,0.0076951682288
609,6977,0.00737083865079
616,6806,0.00719018601939
535,6798,0.00718173443429
508,6789,0.00717222640106
770,6731,0.00711095240912
862,6437,0.00680035665689
512,6341,0.00669893763575
825,6283,0.00663766364382
820,6186,0.00653518817454
617,6136,0.0064823657677
533,6131,0.00647708352702
515,5494,0.00580412606384
527,5329,0.00562981212126
635,5234,0.00552944954826
839,5069,0.00535513560568
659,4822,0.00509419291588
641,4435,0.00468534748692
566,4158,0.00439271135301
514,4055,0.00428389719492
548,4027,0.00425431664709
567,3927,0.0041486718334
544,3771,0.00398386592405
532,3666,0.00387293886969
518,3558,0.00375884247091
622,3539,0.00373876995631
563,3462,0.00365742344977
556,3438,0.00363206869448
521,3394,0.00358558497646
630,3295,0.00348099661091
529,3264,0.00344824671867
650,3254,0.0034376822373
542,3198,0.00337852114164
561,3124,0.00330034397951
538,2986,0.00315455413663
571,2915,0.00307954631891
640,2763,0.00291896620211
790,2744,0.00289889368751
500,2692,0.00284395838439
577,2635,0.00278374084059
541,2571,0.00271612815984
555,2538,0.00268126537132
671,2523,0.00266541864927
679,2503,0.00264428968653
652,2490,0.00263055586075
669,2447,0.00258512859087
744,2395,0.00253019328775
557,2287,0.00241609688897
686,2274,0.00240236306319
789,2209,0.0023336939343
658,2191,0.00231467786783
693,2158,0.00227981507932
678,2106,0.0022248797762
564,2087,0.0022048072616
546,1988,0.00210021889605
547,1957,0.00206746900381
637,1906,0.00201359014883
625,1899,0.00200619501187
513,1882,0.00198823539355
716,1880,0.00198612249727
866,1848,0.0019523161569
573,1751,0.00184984068762
881,1727,0.00182448593234
523,1706,0.00180230052146
752,1699,0.0017949053845
648,1698,0.00179384893637
757,1690,0.00178539735127
619,1658,0.00175159101089
588,1572,0.00166073647113
507,1571,0.00165968002299
575,1562,0.00165017198976
543,1537,0.00162376078634
722,1519,0.00160474471987
691,1512,0.00159734958291
675,1433,0.0015138901801
551,1391,0.00146951935836
574,1388,0.00146635001395
682,1375,0.00145261618817
519,1366,0.00144310815493
724,1362,0.00143888236239
604,1354,0.00143043077729
811,1345,0.00142092274406
612,1326,0.00140085022946
670,1316,0.00139028574809
530,1313,0.00138711640368
718,1291,0.00136387454467
632,1251,0.0013216166192
725,1246,0.00131633437851
545,1231,0.00130048765646
855,1204,0.00127196355677
570,1202,0.00126985066049
636,1139,0.00120329442787
801,1128,0.00119167349836
810,1126,0.00118956060209
649,1124,0.00118744770582
702,1118,0.001181109017
509,1109,0.00117160098376
531,1071,0.00113145595456
642,1028,0.00108602868468
536,1023,0.001080746444
828,998,0.00105433524057
503,988,0.00104377075921
520,987,0.00104271431107
765,980,0.00103531917411
550,958,0.0010120773151
800,950,0.00100362573001
698,947,0.0010004563856
687,928,0.000980383870995
605,926,0.000978270974721
522,923,0.000975101630311
709,899,0.000949746875026
516,868,0.000916996982784
705,855,0.000903263157005
592,842,0.000889529331226
502,836,0.000883190642405
610,836,0.000883190642405
540,820,0.000866287472215
611,796,0.000840932716931
743,779,0.000822973098605
868,766,0.000809239272826
804,732,0.000773320036173
634,719,0.000759586210394
600,718,0.000758529762257
576,704,0.000743739488341
584,685,0.000723666973741
526,682,0.00072049762933
651,676,0.000714158940509
676,659,0.000696199322183
633,655,0.000691973529635
624,653,0.000689860633362
692,646,0.000682465496404
525,630,0.000665562326214
628,626,0.000661336533667
813,616,0.000650772052298
656,589,0.000622247952604
762,586,0.000619078608193
758,574,0.000606401230551
627,569,0.000601118989867
581,539,0.000569425545761
582,536,0.000566256201351
764,526,0.000555691719982
537,515,0.000544070790477
598,513,0.000541957894203
549,485,0.000512377346371
746,483,0.000510264450098
603,470,0.000496530624319
756,466,0.000492304831771
673,464,0.000490191935498
759,447,0.000472232317171
565,444,0.000469062972761
662,437,0.000461667835803
773,432,0.000456385595118
554,431,0.000455329146982
644,429,0.000453216250708
569,428,0.000452159802571
657,427,0.000451103354434
736,418,0.000441595321202
559,415,0.000438425976792
643,414,0.000437369528655
553,397,0.000419409910329
606,392,0.000414127669644
771,358,0.000378208432992
717,327,0.000345458540749
710,306,0.000323273129876
734,305,0.000322216681739
754,304,0.000321160233602
821,297,0.000313765096644
737,296,0.000312708648507
597,290,0.000306369959686
639,277,0.000292636133907
767,276,0.00029157968577
755,257,0.00027150717117
749,236,0.000249321760296
760,229,0.000241926623338
558,219,0.00023136214197
647,207,0.000218684764328
631,191,0.000201781594138
802,190,0.000200725146001
661,189,0.000199668697864
638,174,0.000183821975812
596,143,0.000151072083569
766,139,0.000146846291022
626,136,0.000143676946611
745,135,0.000142620498474
711,134,0.000141564050338
740,117,0.000123604432011
747,106,0.000111983502506
552,98,0.000103531917411
583,48,5.07095105687e-05
798,18,1.90160664633e-05
None,0,0.0
