1,161797,0.170665459961
3,159002,0.167717259682
2,157045,0.16565299208
0,150222,0.158456008
4,126523,0.133458012143
5,96328,0.101607955816
6,57234,0.0603711251471
7,19423,0.0204876186136
8,9680,0.0102105827205
9,4747,0.00500719381964
10,2449,0.00258323523579
11,2266,0.00239020459139
12,712,0.000751026332333
13,362,0.000381842039754
14,52,5.48502377547e-05
15,39,4.1137678316e-05
16,34,3.58636169934e-05
20,17,1.79318084967e-05
17,14,1.47673717032e-05
18,14,1.47673717032e-05
19,10,1.05481226451e-05
21,9,9.49331038062e-06
23,8,8.43849811611e-06
28,7,7.38368585159e-06
24,6,6.32887358708e-06
25,6,6.32887358708e-06
32,4,4.21924905805e-06
22,4,4.21924905805e-06
35,2,2.10962452903e-06
40,2,2.10962452903e-06
81,2,2.10962452903e-06
26,2,2.10962452903e-06
29,2,2.10962452903e-06
33,1,1.05481226451e-06
36,1,1.05481226451e-06
43,1,1.05481226451e-06
47,1,1.05481226451e-06
50,1,1.05481226451e-06
70,1,1.05481226451e-06
165,1,1.05481226451e-06
44,1,1.05481226451e-06
48,1,1.05481226451e-06
51,1,1.05481226451e-06
27,1,1.05481226451e-06
30,1,1.05481226451e-06
