2,279489,0.433835536487
3,171312,0.26591827738
1,86471,0.134224218755
4,59097,0.0917330510316
5,26935,0.0418097319583
6,7363,0.0114291834568
7,3744,0.00581160707079
8,1596,0.00247738378338
9,1464,0.00227248738024
11,1151,0.00178663454553
10,1091,0.00169349981684
14,837,0.00129922946534
12,822,0.00127594578317
41,371,0.000575883072453
16,275,0.000426867506535
33,261,0.000405136069839
13,249,0.000386509124099
15,238,0.000369434423838
29,174,0.000270090713226
39,138,0.000214209876007
17,130,0.00020179191218
26,92,0.000142806584004
40,90,0.000139702093048
21,80,0.000124179638265
24,80,0.000124179638265
36,57,8.84779922636e-05
46,50,7.76122739154e-05
19,50,7.76122739154e-05
30,46,7.14032920022e-05
18,46,7.14032920022e-05
23,38,5.89853281757e-05
25,36,5.58808372191e-05
20,34,5.27763462625e-05
22,33,5.12241007842e-05
60,30,4.65673643493e-05
1000,29,4.5015118871e-05
37,28,4.34628733926e-05
28,23,3.57016460011e-05
51,16,2.48359276529e-05
31,16,2.48359276529e-05
27,14,2.17314366963e-05
34,13,2.0179191218e-05
65,13,2.0179191218e-05
38,12,1.86269457397e-05
32,9,1.39702093048e-05
35,7,1.08657183482e-05
42,7,1.08657183482e-05
136,7,1.08657183482e-05
102,6,9.31347286985e-06
134,6,9.31347286985e-06
64,6,9.31347286985e-06
43,5,7.76122739154e-06
57,5,7.76122739154e-06
66,5,7.76122739154e-06
61,5,7.76122739154e-06
62,4,6.20898191324e-06
45,4,6.20898191324e-06
44,3,4.65673643493e-06
117,2,3.10449095662e-06
52,2,3.10449095662e-06
74,2,3.10449095662e-06
47,1,1.55224547831e-06
128,1,1.55224547831e-06
78,1,1.55224547831e-06
88,1,1.55224547831e-06
108,1,1.55224547831e-06
48,1,1.55224547831e-06
55,1,1.55224547831e-06
56,1,1.55224547831e-06
79,1,1.55224547831e-06
None,0,0.0
