CA,83781,0.0883732263332
TX,53496,0.0564282369024
NY,51658,0.0544894919602
ZZ,49809,0.0525391440831
FL,43213,0.0455816023864
IL,31540,0.0332687788227
PA,29651,0.0312762384551
OH,28054,0.0295917032687
NJ,24731,0.0260865621137
NC,22355,0.0235803281732
VA,21437,0.0226120105144
GA,21290,0.0224569531115
H9,20335,0.0214496073989
MI,19817,0.0209032146459
MA,18982,0.020022446405
WA,15221,0.0160552974782
MD,13959,0.0147241244003
MO,13660,0.0144087355332
WI,13314,0.0140437704897
AZ,13200,0.0139235218916
CO,12467,0.0131503445017
MN,11942,0.0125965680628
IN,11589,0.0122242193334
TN,11223,0.0118381580446
07,9294,0.00980342518639
LA,8973,0.00946483044948
CT,8800,0.00928234792772
SC,8184,0.00863258357278
DE,8124,0.0085692948369
OR,7999,0.00843744330384
KY,7932,0.00836677088212
02,7836,0.00826550890473
AL,7703,0.00812521887354
UT,6701,0.0070682969845
OK,6669,0.00703454299204
NV,6492,0.00684784122122
IA,6375,0.00672442818627
04,6093,0.00642697112768
KS,5946,0.0062719137248
ON,5929,0.0062539819163
DC,4491,0.00473716187993
AR,4342,0.00457999485252
NE,4028,0.00424878380146
00,3564,0.00375935091072
MS,3537,0.00373087097958
05,3433,0.00362117050407
NH,3416,0.00360323869558
WV,3312,0.00349353822007
ME,3152,0.00332476825775
QC,3132,0.00330367201246
NM,3055,0.00322245146809
08,2928,0.00308849031049
ID,2901,0.00306001037935
HI,2412,0.00254420718201
I2,2403,0.00253471387163
01,2397,0.00252838499804
RI,2391,0.00252205612445
A7,2322,0.0024492740782
V2,2075,0.00218873544886
N7,1994,0.00210329565544
A8,1946,0.00205266466674
06,1921,0.00202629436013
09,1877,0.00197988262049
ND,1851,0.00195245750161
MT,1797,0.00189549763933
F8,1772,0.00186912733272
L9,1771,0.00186807252045
H3,1731,0.00182588002987
F2,1723,0.00181744153176
H2,1678,0.00176997497985
E4,1646,0.00173622098739
G5,1627,0.00171617955436
B7,1603,0.00169086406001
27,1590,0.00167715150058
AB,1578,0.0016644937534
11,1576,0.00166238412887
SD,1568,0.00165394563076
H8,1552,0.00163706863452
BC,1535,0.00161913682603
26,1534,0.00161808201376
J8,1505,0.00158749245809
16,1493,0.00157483471092
C3,1357,0.00143138024294
15,1334,0.00140711956086
K2,1329,0.00140184549954
VT,1327,0.00139973587501
U8,1299,0.0013702011316
17,1294,0.00136492707028
40,1293,0.00136387225802
I9,1285,0.0013554337599
null,1276,0.00134594044952
03,1275,0.00134488563725
21,1265,0.00133433751461
H4,1216,0.00128265171365
WY,1129,0.00119088304664
18,1120,0.00118138973625
12,1097,0.00115712905417
J1,1084,0.00114341649473
B9,1072,0.00113075874756
B4,1058,0.00111599137585
E6,1058,0.00111599137585
P6,1053,0.00111071731453
14,1035,0.00109173069377
13,1033,0.00108962106924
AK,1025,0.00108118257113
10,990,0.00104426414187
M4,976,0.00102949677016
M3,955,0.00100734571261
20,947,0.000998907214494
I7,934,0.000985194655055
N5,912,0.000961988785236
R3,859,0.000906083735217
H7,844,0.000890261551249
B6,826,0.000871274930488
19,818,0.000862836432372
D4,814,0.000858617183314
I6,773,0.000815369880469
N4,767,0.000809041006882
28,766,0.000807986194617
C5,765,0.000806931382353
B8,754,0.000795328447443
30,751,0.000792164010649
K7,750,0.000791109198385
Q4,734,0.000774232202153
Q3,694,0.000732039711572
D9,691,0.000728875274779
X5,682,0.000719381964398
N1,662,0.000698285719108
C8,653,0.000688792408727
25,649,0.000684573159669
C7,638,0.000672970224759
P3,624,0.000658202853056
T5,621,0.000655038416263
V1,615,0.000648709542676
29,607,0.000640271044559
K4,605,0.00063816142003
23,587,0.000619174799269
Z1,580,0.000611791113418
B2,563,0.000593859304921
34,553,0.000583311182276
G6,543,0.000572763059631
C6,542,0.000571708247366
E2,504,0.000531625381315
I3,502,0.000529515756786
Q5,494,0.00052107725867
G1,491,0.000517912821876
P8,486,0.000512638760553
J9,477,0.000503145450173
D8,476,0.000502090637908
G8,475,0.000501035825644
K3,471,0.000496816576586
A2,467,0.000492597327528
A4,467,0.000492597327528
A9,467,0.000492597327528
56,457,0.000482049204883
F9,457,0.000482049204883
H5,454,0.000478884768089
N6,452,0.00047677514356
G7,449,0.000473610706766
D3,446,0.000470446269973
M1,444,0.000468336645444
C9,444,0.000468336645444
NS,439,0.000463062584121
F4,438,0.000462007771857
K6,436,0.000459898147328
51,425,0.000448295212418
MB,424,0.000447240400154
N2,422,0.000445130775625
P7,413,0.000435637465244
B5,409,0.000431418216186
L3,404,0.000426144154863
J7,402,0.000424034530334
I1,400,0.000421924905805
D7,390,0.00041137678316
22,389,0.000410321970896
NB,380,0.000400828660515
M9,377,0.000397664223721
K8,367,0.000387116101076
P9,366,0.000386061288812
B1,364,0.000383951664283
D2,362,0.000381842039754
A1,361,0.000380787227489
O8,352,0.000371293917109
A3,352,0.000371293917109
B3,344,0.000362855418993
D6,340,0.000358636169934
K9,339,0.00035758135767
L7,337,0.000355471733141
L1,335,0.000353362108612
U3,322,0.000339649549173
SK,319,0.00033648511238
44,318,0.000335430300115
E5,318,0.000335430300115
A5,307,0.000323827365206
F6,299,0.000315388867089
P2,287,0.000302731119915
I4,284,0.000299566683122
K1,284,0.000299566683122
O7,283,0.000298511870857
A6,281,0.000296402246328
N8,273,0.000287963748212
Y9,269,0.000283744499154
L2,269,0.000283744499154
N3,267,0.000281634874625
60,267,0.000281634874625
D5,263,0.000277415625567
X4,256,0.000270031939715
24,254,0.000267922315186
J5,253,0.000266867502922
V8,249,0.000262648253864
E7,247,0.000260538629335
N9,244,0.000257374192541
C1,241,0.000254209755748
32,235,0.000247880882161
97,232,0.000244716445367
Y6,228,0.000240497196309
L6,227,0.000239442384044
Z4,224,0.000236277947251
O2,216,0.000227839449135
M5,215,0.00022678463687
K5,209,0.000220455763283
NL,208,0.000219400951019
J6,198,0.000208852828374
U9,196,0.000206743203845
Y4,194,0.000204633579316
M2,193,0.000203578767051
42,186,0.000196195081199
W1,185,0.000195140268935
E3,184,0.00019408545667
J3,182,0.000191975832141
J2,181,0.000190921019877
M7,171,0.000180372897232
31,171,0.000180372897232
Z7,170,0.000179318084967
P4,164,0.00017298921138
Q1,163,0.000171934399116
Z5,157,0.000165605525529
F7,157,0.000165605525529
W9,156,0.000164550713264
C2,155,0.000163495901
X7,154,0.000162441088735
Y1,152,0.000160331464206
O1,147,0.000155057402883
AE,147,0.000155057402883
G2,142,0.000149783341561
E9,141,0.000148728529296
58,138,0.000145564092503
Y5,137,0.000144509280238
U4,136,0.000143454467974
L5,135,0.000142399655709
W5,131,0.000138180406651
E1,127,0.000133961157593
78,126,0.000132906345329
O3,125,0.000131851533064
48,120,0.000126577471742
ERROR,120,0.000126577471742
W2,119,0.000125522659477
53,114,0.000120248598155
D1,110,0.000116029349096
38,110,0.000116029349096
J4,109,0.000114974536832
X3,107,0.000112864912303
52,105,0.000110755287774
O4,105,0.000110755287774
Q2,105,0.000110755287774
55,105,0.000110755287774
O6,104,0.000109700475509
V3,103,0.000108645663245
59,96,0.000101261977393
Y7,95,0.000100207165129
37,94,9.91523528642e-05
Z8,92,9.70427283352e-05
66,90,9.49331038062e-05
35,90,9.49331038062e-05
F5,88,9.28234792772e-05
Z3,86,9.07138547481e-05
98,85,8.96590424836e-05
Z6,82,8.64946056901e-05
V7,82,8.64946056901e-05
54,80,8.43849811611e-05
S5,80,8.43849811611e-05
L8,80,8.43849811611e-05
W4,79,8.33301688965e-05
81,78,8.2275356632e-05
W6,78,8.2275356632e-05
PE,73,7.70012953095e-05
S6,72,7.59464830449e-05
Y8,71,7.48916707804e-05
83,71,7.48916707804e-05
G9,67,7.06724217224e-05
R8,67,7.06724217224e-05
X9,66,6.96176094579e-05
X6,64,6.75079849288e-05
99,64,6.75079849288e-05
36,63,6.64531726643e-05
47,61,6.43435481353e-05
W7,61,6.43435481353e-05
Y3,61,6.43435481353e-05
39,60,6.32887358708e-05
68,59,6.22339236063e-05
T6,54,5.69598622837e-05
33,54,5.69598622837e-05
57,54,5.69598622837e-05
61,53,5.59050500192e-05
X8,53,5.59050500192e-05
T9,52,5.48502377547e-05
S9,51,5.37954254902e-05
T2,49,5.16858009611e-05
T1,48,5.06309886966e-05
Z2,48,5.06309886966e-05
V5,47,4.95761764321e-05
73,47,4.95761764321e-05
86,47,4.95761764321e-05
V4,46,4.85213641676e-05
77,46,4.85213641676e-05
X1,46,4.85213641676e-05
T7,45,4.74665519031e-05
AP,45,4.74665519031e-05
Q9,45,4.74665519031e-05
U2,43,4.53569273741e-05
U6,40,4.21924905805e-05
72,40,4.21924905805e-05
80,39,4.1137678316e-05
R6,38,4.00828660515e-05
50,37,3.9028053787e-05
41,36,3.79732415225e-05
Q6,35,3.6918429258e-05
Y2,35,3.6918429258e-05
46,35,3.6918429258e-05
T8,34,3.58636169934e-05
X2,34,3.58636169934e-05
84,34,3.58636169934e-05
L4,34,3.58636169934e-05
45,33,3.48088047289e-05
82,31,3.26991801999e-05
91,30,3.16443679354e-05
62,30,3.16443679354e-05
V6,29,3.05895556709e-05
43,29,3.05895556709e-05
M6,28,2.95347434064e-05
65,26,2.74251188773e-05
R4,26,2.74251188773e-05
U1,25,2.63703066128e-05
O9,24,2.53154943483e-05
87,24,2.53154943483e-05
P1,23,2.42606820838e-05
75,23,2.42606820838e-05
85,23,2.42606820838e-05
P5,22,2.32058698193e-05
71,21,2.21510575548e-05
S7,20,2.10962452903e-05
R2,20,2.10962452903e-05
Q7,19,2.00414330258e-05
49,19,2.00414330258e-05
F1,18,1.89866207612e-05
74,17,1.79318084967e-05
R7,15,1.58221839677e-05
90,15,1.58221839677e-05
76,14,1.47673717032e-05
Q8,14,1.47673717032e-05
S1,14,1.47673717032e-05
88,14,1.47673717032e-05
R9,13,1.37125594387e-05
79,13,1.37125594387e-05
64,12,1.26577471742e-05
T3,11,1.16029349096e-05
NT,10,1.05481226451e-05
I8,10,1.05481226451e-05
70,9,9.49331038062e-06
W8,9,9.49331038062e-06
YT,8,8.43849811611e-06
H6,8,8.43849811611e-06
E8,8,8.43849811611e-06
63,7,7.38368585159e-06
S4,7,7.38368585159e-06
G3,6,6.32887358708e-06
F3,6,6.32887358708e-06
T4,5,5.27406132257e-06
H1,5,5.27406132257e-06
67,5,5.27406132257e-06
S2,5,5.27406132257e-06
M8,3,3.16443679354e-06
O5,3,3.16443679354e-06
69,3,3.16443679354e-06
R1,3,3.16443679354e-06
R5,3,3.16443679354e-06
W3,3,3.16443679354e-06
S3,2,2.10962452903e-06
U7,2,2.10962452903e-06
89,2,2.10962452903e-06
93,2,2.10962452903e-06
C4,1,1.05481226451e-06
92,1,1.05481226451e-06
AA,1,1.05481226451e-06
U5,1,1.05481226451e-06
NU,1,1.05481226451e-06
