25000,242412,0.264735561487
100000,128109,0.139906473469
35000,115683,0.12633617131
15000,113056,0.123467252609
45000,67169,0.0733545489889
55000,57350,0.0626313237433
75000,41501,0.0453227997676
65000,41484,0.0453042342488
85000,33725,0.036830713047
300000,23419,0.025575640292
8500,10935,0.0119419969509
9500,10906,0.01191032636
7500,6540,0.00714226429436
6500,6177,0.00674583586334
5500,4660,0.00508913633207
500000,3801,0.00415103158759
5000000,2593,0.00283178766289
4500,2330,0.00254456816603
700000,1362,0.00148742568332
3500,1107,0.0012089429012
900000,678,0.000740436573635
2500,305,0.000333087249202
875,295,0.000322166355785
625,24,2.62101441995e-05
1125,21,2.29338761745e-05
1375,17,1.8565518808e-05
1625,14,1.5289250783e-05
1875,2,2.18417868329e-06
450,1,1.09208934164e-06
None,0,0.0
