0,211838,0.276463932366
501,44897,0.058593836665
803,27704,0.036155726462
807,20053,0.0261706173384
504,19355,0.0252596767858
602,19336,0.0252348804097
511,17535,0.0228844449723
623,15660,0.0204374341754
506,14485,0.018903974076
618,12235,0.0159675611198
524,11463,0.0149600452077
819,10083,0.0131590452612
753,9918,0.0129437083111
539,9133,0.0119192264575
505,8983,0.0117234655937
534,8388,0.0109469475009
751,8045,0.0104993076591
613,7928,0.0103466141854
510,7606,0.00992638086451
528,7208,0.00940696203936
560,6406,0.00836029395451
616,6371,0.00831461641964
517,5654,0.00737887949092
770,5634,0.00735277804242
862,5366,0.00700301863252
609,5278,0.00688817225912
535,5277,0.00688686718669
820,5228,0.00682291863787
512,5204,0.00679159689967
508,5156,0.00672895342327
825,5036,0.00657234473227
617,4792,0.00625390706057
533,4750,0.00619909401872
515,4375,0.00570969185935
839,4359,0.00568881070055
635,4197,0.0054773889677
659,4127,0.00538603389795
527,3993,0.005211154193
641,3827,0.00499451217045
548,3649,0.0047622092788
514,3596,0.00469304044028
544,3422,0.00446595783833
566,3334,0.00435111146493
567,3014,0.00393348828893
521,2960,0.00386301437798
532,2919,0.00380950640856
529,2835,0.00369988032486
563,2778,0.00362549119663
556,2712,0.00353935641658
518,2666,0.00347932308503
622,2581,0.00336839192891
571,2533,0.00330574845251
561,2519,0.00328747743856
650,2491,0.00325093541066
790,2433,0.00317524121001
542,2419,0.00315697019606
640,2378,0.00310346222664
630,2310,0.00301471730174
500,2297,0.00299775136021
577,2225,0.00290378614561
538,2197,0.00286724411771
744,2146,0.00280068542404
541,2144,0.00279807527919
555,2138,0.00279024484464
671,2119,0.00276544846856
789,2117,0.00276283832371
652,2099,0.00273934702006
679,1950,0.00254489122874
669,1906,0.00248746804204
693,1827,0.00238436732046
752,1802,0.00235174050984
557,1769,0.00230867311981
658,1766,0.00230475790254
686,1764,0.00230214775769
678,1745,0.00227735138161
564,1714,0.00223689413644
625,1673,0.00218338616702
547,1567,0.00204504848997
866,1548,0.00202025211389
881,1524,0.00198893037569
513,1505,0.00196413399962
619,1477,0.00192759197172
546,1472,0.00192106660959
757,1457,0.00190149052322
648,1382,0.00180361009134
573,1353,0.00176576299102
523,1352,0.00176445791859
637,1331,0.00173705139767
588,1268,0.00165483183489
716,1257,0.00164047603822
543,1247,0.00162742531397
507,1207,0.00157522241697
575,1205,0.00157261227212
551,1201,0.00156739198242
722,1189,0.00155173111332
811,1140,0.00148778256449
574,1120,0.00146168111599
675,1109,0.00144732531932
691,1106,0.00144341010204
682,1102,0.00143818981234
801,1098,0.00143296952264
612,1089,0.00142122387082
632,1084,0.00141469850869
519,1067,0.00139251227747
718,1038,0.00135466517714
725,1025,0.00133769923562
670,1016,0.00132595358379
810,991,0.00129332677317
724,984,0.00128419126619
702,971,0.00126722532467
765,970,0.00126592025224
545,969,0.00126461517982
570,954,0.00124503909344
531,950,0.00123981880374
855,942,0.00122937822434
636,940,0.00122676807949
649,904,0.00117978547219
530,881,0.00114976880642
536,881,0.00114976880642
509,860,0.0011223622855
804,817,0.00106624417122
828,817,0.00106624417122
520,809,0.00105580359182
743,803,0.00104797315727
709,795,0.00103753257787
800,781,0.00101926156392
642,775,0.00101143112937
503,767,0.00100099054997
550,751,0.000980109391171
610,744,0.000970973884196
516,739,0.000964448522071
605,735,0.000959228232371
868,723,0.000943567363271
687,716,0.000934431856296
604,710,0.000926601421746
698,689,0.000899194900821
502,686,0.000895279683546
705,683,0.000891364466271
634,675,0.000880923886871
522,665,0.000867873162621
592,651,0.000849602148671
600,650,0.000848297076246
540,648,0.000845686931396
576,611,0.000797399251671
676,577,0.000753026789222
624,562,0.000733450702847
692,547,0.000713874616472
611,546,0.000712569544047
526,530,0.000691688385247
651,526,0.000686468095547
813,525,0.000685163023122
584,522,0.000681247805847
525,520,0.000678637660997
633,498,0.000649926067647
762,497,0.000648620995222
656,494,0.000644705777947
627,486,0.000634265198547
628,483,0.000630349981272
758,460,0.000600333315497
603,427,0.000557265925473
764,421,0.000549435490923
581,411,0.000536384766673
549,409,0.000533774621823
756,408,0.000532469549398
773,395,0.000515503607873
559,390,0.000508978245748
565,389,0.000507673173323
746,387,0.000505063028473
736,375,0.000489402159373
582,373,0.000486792014523
606,373,0.000486792014523
662,368,0.000480266652398
537,364,0.000475046362698
759,361,0.000471131145423
673,356,0.000464605783298
569,341,0.000445029696923
644,339,0.000442419552073
657,334,0.000435894189948
598,325,0.000424148538123
643,325,0.000424148538123
553,315,0.000411097813873
554,309,0.000403267379323
754,301,0.000392826799923
771,270,0.000352369554748
737,265,0.000345844192623
717,255,0.000332793468374
597,252,0.000328878251099
767,246,0.000321047816549
734,246,0.000321047816549
755,222,0.000289726078349
760,210,0.000274065209249
821,209,0.000272760136824
710,201,0.000262319557424
639,200,0.000261014484999
802,198,0.000258404340149
558,183,0.000238828253774
661,179,0.000233607964074
596,155,0.000202286225874
749,151,0.000197065936174
647,140,0.000182710139499
626,137,0.000178794922224
638,134,0.000174879704949
631,133,0.000173574632524
766,121,0.000157913763424
745,120,0.000156608690999
711,110,0.000143557966749
740,97,0.000126592025224
747,92,0.000120066663099
552,78,0.00010179564915
583,55,7.17789833747e-05
798,10,1.30507242499e-05
None,0,0.0
