1,133386,0.173846516775
0,125581,0.163673994445
3,122968,0.160268382549
2,120198,0.156658147206
4,105538,0.137551269904
5,75967,0.0990103784491
6,49528,0.064551529267
7,16690,0.0217526454423
8,8482,0.0110548794872
9,4134,0.00538798299931
10,1944,0.00253368141042
11,1870,0.00243723469006
12,500,0.000651667029428
13,325,0.000423583569128
14,34,4.43133580011e-05
15,23,2.99766833537e-05
16,23,2.99766833537e-05
17,16,2.08533449417e-05
20,9,1.17300065297e-05
18,8,1.04266724708e-05
23,8,1.04266724708e-05
19,7,9.12333841199e-06
32,2,2.60666811771e-06
37,2,2.60666811771e-06
48,2,2.60666811771e-06
21,2,2.60666811771e-06
22,2,2.60666811771e-06
25,2,2.60666811771e-06
24,2,2.60666811771e-06
31,1,1.30333405886e-06
36,1,1.30333405886e-06
51,1,1.30333405886e-06
27,1,1.30333405886e-06
34,1,1.30333405886e-06
45,1,1.30333405886e-06
57,1,1.30333405886e-06
73,1,1.30333405886e-06
28,1,1.30333405886e-06
29,1,1.30333405886e-06
