2,226751,0.444683917908
3,127184,0.249421962484
1,70208,0.137685692713
4,48161,0.0944490748458
5,21091,0.0413617955934
6,5257,0.0103095613975
7,3144,0.0061657335046
9,1222,0.00239647784435
8,1129,0.00221409450595
14,938,0.00183952227332
10,695,0.00136297226008
11,660,0.00129433336929
12,616,0.001208044478
41,340,0.000666777796299
13,303,0.000594216683173
15,282,0.000553033348695
33,240,0.000470666679741
40,182,0.000356922232137
16,173,0.000339272231646
29,165,0.000323583342322
17,164,0.000321622231156
26,121,0.000237294451036
21,85,0.000166694449075
19,66,0.000129433336929
46,62,0.000121588892266
36,54,0.000105900002942
1000,54,0.000105900002942
18,44,8.62888912858e-05
23,44,8.62888912858e-05
39,42,8.23666689546e-05
24,40,7.84444466235e-05
30,40,7.84444466235e-05
28,31,6.07944461332e-05
37,29,5.6872223802e-05
20,28,5.49111126364e-05
60,26,5.09888903052e-05
22,26,5.09888903052e-05
38,23,4.51055568085e-05
51,21,4.11833344773e-05
25,21,4.11833344773e-05
65,21,4.11833344773e-05
27,13,2.54944451526e-05
32,11,2.15722228215e-05
64,10,1.96111116559e-05
66,8,1.56888893247e-05
31,8,1.56888893247e-05
34,8,1.56888893247e-05
43,8,1.56888893247e-05
35,7,1.37277781591e-05
42,7,1.37277781591e-05
61,7,1.37277781591e-05
136,6,1.17666669935e-05
134,6,1.17666669935e-05
74,4,7.84444466235e-06
48,3,5.88333349676e-06
49,2,3.92222233117e-06
52,2,3.92222233117e-06
142,2,3.92222233117e-06
75,2,3.92222233117e-06
102,2,3.92222233117e-06
62,2,3.92222233117e-06
70,2,3.92222233117e-06
44,1,1.96111116559e-06
58,1,1.96111116559e-06
150,1,1.96111116559e-06
85,1,1.96111116559e-06
90,1,1.96111116559e-06
105,1,1.96111116559e-06
45,1,1.96111116559e-06
47,1,1.96111116559e-06
57,1,1.96111116559e-06
83,1,1.96111116559e-06
86,1,1.96111116559e-06
94,1,1.96111116559e-06
None,0,0.0
