CA,65132,0.0848887539214
TX,45322,0.0590697062155
NY,40340,0.0525764959342
ZZ,37051,0.0482898302147
FL,36815,0.0479822433768
IL,23877,0.0311197073233
PA,23121,0.0301343867748
OH,21819,0.0284374458302
NJ,20271,0.0264198847071
NC,17314,0.022565925895
VA,17239,0.0224681758406
MI,16033,0.0208963549656
GA,15865,0.0206773948437
MA,14459,0.018844907157
H9,14037,0.0182949001842
WA,12928,0.0168495027129
AZ,12302,0.016033615592
MO,11346,0.0147876282318
MD,11308,0.0147381015375
CO,10885,0.0141867912306
WI,10601,0.0138166443579
TN,9397,0.0122474301511
MN,9219,0.0120154366886
IN,9071,0.0118225432479
07,7039,0.00917416844029
KY,6909,0.00900473501264
OR,6776,0.00883139158281
LA,6728,0.00876883154798
02,6601,0.00860330812251
CT,6547,0.00853292808333
SC,6300,0.00821100457079
UT,5598,0.00729606406148
AL,5576,0.00726739071218
NV,5572,0.00726217737595
OK,5304,0.00691288384817
ON,5117,0.00666916037917
DE,5084,0.00662615035522
IA,4856,0.0063289901898
04,4837,0.00630422684269
KS,4823,0.00628598016586
AR,3569,0.00465159925606
NE,3337,0.0043492257544
05,2833,0.00369234538874
NH,2781,0.00362457201768
MS,2763,0.00360111200462
QC,2719,0.00354376530603
NM,2690,0.00350596861832
00,2689,0.00350466528426
ME,2637,0.0034368919132
08,2633,0.00343167857697
WV,2625,0.0034212519045
ID,2541,0.00331177184355
DC,2207,0.0028764582679
I2,2193,0.00285821159107
A7,2188,0.00285169492078
HI,2154,0.00280738156278
01,2071,0.00269920483589
V2,2009,0.00261839812424
RI,1972,0.00257017476406
H3,1681,0.00219090455294
27,1613,0.00210227783693
L9,1599,0.00208403116011
06,1587,0.0020683911514
MT,1567,0.00204232447023
N7,1549,0.00201886445717
G5,1536,0.0020019211144
H2,1524,0.0019862811057
AB,1475,0.00192241773681
F2,1474,0.00192111440275
H8,1466,0.00191068773028
F8,1465,0.00190938439622
BC,1458,0.00190026105781
B7,1445,0.00188331771505
E4,1444,0.00188201438099
J8,1425,0.00185725103387
09,1374,0.00179078099687
11,1364,0.00177774765628
ND,1356,0.00176732098381
03,1302,0.00169694094463
21,1277,0.00166435759316
26,1272,0.00165784092286
15,1267,0.00165132425257
SD,1262,0.00164480758228
I9,1254,0.00163438090981
A8,1231,0.00160440422645
18,1231,0.00160440422645
17,1222,0.00159267421992
U8,1212,0.00157964087933
40,1194,0.00155618086627
16,1189,0.00154966419598
H4,1106,0.00144148746909
C3,1104,0.00143888080098
VT,1039,0.00135416408715
P6,1020,0.00132940074003
AK,1018,0.00132679407192
E6,1011,0.0013176707335
K2,1003,0.00130724406103
I7,996,0.00129812072262
20,995,0.00129681738856
B4,974,0.00126944737333
12,970,0.00126423403709
14,920,0.00119906733415
J1,917,0.00119515733197
null,908,0.00118342732544
WY,907,0.00118212399138
M3,887,0.00115605731021
B9,876,0.00114172063556
13,871,0.00113520396526
N5,863,0.00112477729279
M4,844,0.00110001394567
10,839,0.00109349727538
H7,821,0.00107003726232
19,807,0.0010517905855
B6,753,0.000981410546319
R3,748,0.000974893876024
D4,736,0.000959253867318
28,696,0.000907120504964
C5,689,0.000897997166552
Q3,689,0.000897997166552
X5,685,0.000892783830316
B8,681,0.000887570494081
N4,677,0.000882357157845
C8,665,0.000866717149139
I6,647,0.00084325713608
Q4,622,0.000810673784608
V1,585,0.000762450424431
N1,580,0.000755933754136
B2,572,0.000745507081666
K7,572,0.000745507081666
K4,571,0.000744203747607
C7,552,0.000719440400488
T5,548,0.000714227064253
29,541,0.000705103725841
Z1,534,0.000695980387429
D9,529,0.000689463717135
25,518,0.000675127042487
34,515,0.000671217040311
I3,514,0.000669913706252
D8,514,0.000669913706252
23,505,0.000658183699722
C6,500,0.000651667029428
NS,499,0.000650363695369
C9,498,0.00064906036131
30,493,0.000642543691016
Q5,489,0.000637330354781
K3,470,0.000612567007662
J9,466,0.000607353671427
G6,464,0.000604747003309
G8,454,0.000591713662721
P3,445,0.000579983656191
N6,436,0.000568253649661
P8,434,0.000565646981543
E2,425,0.000553916975014
K6,420,0.00054740030472
A2,412,0.000536973632249
G1,410,0.000534366964131
A9,402,0.00052394029166
M1,393,0.00051221028513
P7,393,0.00051221028513
G7,393,0.00051221028513
L3,387,0.000504390280777
44,385,0.00050178361266
K8,383,0.000499176944542
D3,382,0.000497873610483
F9,381,0.000496570276424
56,379,0.000493963608306
A4,378,0.000492660274248
A1,375,0.000488750272071
U3,375,0.000488750272071
MB,372,0.000484840269894
D7,371,0.000483536935836
H5,366,0.000477020265541
51,363,0.000473110263365
N2,355,0.000462683590894
K9,355,0.000462683590894
NB,353,0.000460076922776
D6,352,0.000458773588717
I1,348,0.000453560252482
J7,347,0.000452256918423
B1,336,0.000437920243776
B5,335,0.000436616909717
M9,332,0.00043270690754
F4,329,0.000428796905364
A3,318,0.000414460230716
E5,314,0.000409246894481
22,311,0.000405336892304
O8,310,0.000404033558245
D2,308,0.000401426890128
F6,307,0.000400123556069
L7,303,0.000394910219833
N3,296,0.000385786881421
P9,289,0.000376663543009
SK,285,0.000371450206774
K1,284,0.000370146872715
I4,281,0.000366236870539
X4,273,0.000355810198068
L1,266,0.000346686859656
L2,260,0.000338866855303
B3,259,0.000337563521244
J5,259,0.000337563521244
P2,253,0.000329743516891
O7,250,0.000325833514714
A5,241,0.000314103508184
N8,239,0.000311496840067
60,239,0.000311496840067
V8,235,0.000306283503831
24,235,0.000306283503831
Y9,233,0.000303676835713
Z4,229,0.000298463499478
32,224,0.000291946829184
A6,223,0.000290643495125
D5,219,0.000285430158889
Y6,216,0.000281520156713
C1,206,0.000268486816124
K5,205,0.000267183482065
J3,201,0.00026197014583
U9,197,0.000256756809595
J2,195,0.000254150141477
E7,192,0.0002502401393
O2,185,0.000241116800888
M7,184,0.000239813466829
NL,178,0.000231993462476
AE,177,0.000230690128418
Y4,176,0.000229386794359
Q1,169,0.000220263455947
E3,169,0.000220263455947
42,168,0.000218960121888
W1,167,0.000217656787829
J6,165,0.000215050119711
97,163,0.000212443451594
W9,162,0.000211140117535
L6,161,0.000209836783476
Z7,160,0.000208533449417
M5,159,0.000207230115358
Y1,154,0.000200713445064
W5,151,0.000196803442887
N9,149,0.00019419677477
31,145,0.000188983438534
78,144,0.000187680104475
C2,141,0.000183770102299
Y5,141,0.000183770102299
53,140,0.00018246676824
E9,140,0.00018246676824
35,138,0.000179860100122
G2,135,0.000175950097946
P4,135,0.000175950097946
M2,132,0.000172040095769
O1,130,0.000169433427651
X7,129,0.000168130093592
U4,127,0.000165523425475
Z5,125,0.000162916757357
38,124,0.000161613423298
55,122,0.00015900675518
F7,118,0.000153793418945
W2,114,0.00014858008271
O3,113,0.000147276748651
59,113,0.000147276748651
58,112,0.000145973414592
D1,111,0.000144670080533
52,111,0.000144670080533
O4,107,0.000139456744298
X3,104,0.000135546742121
L5,102,0.000132940074003
48,101,0.000131636739944
E1,101,0.000131636739944
V3,98,0.000127726737768
Z8,97,0.000126423403709
O6,96,0.00012512006965
54,95,0.000123816735591
S5,95,0.000123816735591
J4,92,0.000119906733415
37,90,0.000117300065297
W6,86,0.000112086729062
V7,84,0.000109480060944
R8,83,0.000108176726885
W7,81,0.000105570058767
L8,81,0.000105570058767
83,79,0.00010296339065
W4,78,0.000101660056591
S6,77,0.000100356722532
Y7,76,9.90533884731e-05
Q2,75,9.77500544142e-05
F5,75,9.77500544142e-05
ERROR,75,9.77500544142e-05
X9,75,9.77500544142e-05
99,75,9.77500544142e-05
81,73,9.51433862965e-05
Y8,73,9.51433862965e-05
G9,70,9.12333841199e-05
73,68,8.86267160022e-05
77,67,8.73233819433e-05
61,65,8.47167138256e-05
PE,65,8.47167138256e-05
98,65,8.47167138256e-05
47,64,8.34133797668e-05
V4,64,8.34133797668e-05
39,63,8.21100457079e-05
Z6,63,8.21100457079e-05
Z3,60,7.82000435314e-05
57,60,7.82000435314e-05
S9,60,7.82000435314e-05
T2,57,7.42900413548e-05
86,57,7.42900413548e-05
T1,57,7.42900413548e-05
33,56,7.29867072959e-05
68,53,6.90767051194e-05
T6,52,6.77733710605e-05
X6,50,6.51667029428e-05
U2,49,6.38633688839e-05
85,49,6.38633688839e-05
46,49,6.38633688839e-05
Z2,48,6.25600348251e-05
82,47,6.12567007662e-05
45,45,5.86500326485e-05
36,44,5.73466985897e-05
Y3,44,5.73466985897e-05
X8,42,5.4740030472e-05
84,42,5.4740030472e-05
66,41,5.34366964131e-05
T9,41,5.34366964131e-05
41,39,5.08300282954e-05
50,39,5.08300282954e-05
T7,39,5.08300282954e-05
V5,37,4.82233601777e-05
Q9,37,4.82233601777e-05
80,37,4.82233601777e-05
AP,36,4.69200261188e-05
V6,35,4.561669206e-05
74,35,4.561669206e-05
X1,35,4.561669206e-05
65,34,4.43133580011e-05
Q6,33,4.30100239422e-05
R6,33,4.30100239422e-05
T8,33,4.30100239422e-05
71,33,4.30100239422e-05
72,33,4.30100239422e-05
Y2,33,4.30100239422e-05
Q7,32,4.17066898834e-05
S1,30,3.91000217657e-05
U1,28,3.6493353648e-05
87,28,3.6493353648e-05
49,27,3.51900195891e-05
62,27,3.51900195891e-05
75,26,3.38866855303e-05
Q8,26,3.38866855303e-05
43,24,3.12800174125e-05
79,23,2.99766833537e-05
L4,23,2.99766833537e-05
O9,22,2.86733492948e-05
X2,22,2.86733492948e-05
R2,21,2.7370015236e-05
U6,20,2.60666811771e-05
91,18,2.34600130594e-05
88,18,2.34600130594e-05
76,16,2.08533449417e-05
R4,16,2.08533449417e-05
S7,16,2.08533449417e-05
P1,15,1.95500108828e-05
F1,15,1.95500108828e-05
63,14,1.8246676824e-05
P5,13,1.69433427651e-05
70,12,1.56400087063e-05
R7,11,1.43366746474e-05
R9,11,1.43366746474e-05
YT,10,1.30333405886e-05
M6,9,1.17300065297e-05
T3,9,1.17300065297e-05
90,9,1.17300065297e-05
64,8,1.04266724708e-05
S3,8,1.04266724708e-05
67,6,7.82000435314e-06
T4,6,7.82000435314e-06
NT,6,7.82000435314e-06
I8,6,7.82000435314e-06
89,6,7.82000435314e-06
H1,5,6.51667029428e-06
E8,5,6.51667029428e-06
S2,5,6.51667029428e-06
69,4,5.21333623542e-06
93,4,5.21333623542e-06
G3,3,3.91000217657e-06
F3,3,3.91000217657e-06
NU,3,3.91000217657e-06
W8,2,2.60666811771e-06
H6,1,1.30333405886e-06
O5,1,1.30333405886e-06
AA,1,1.30333405886e-06
S4,1,1.30333405886e-06
