25000,206589,0.279859223045
100000,97429,0.131983814443
35000,96890,0.131253649133
15000,89402,0.121109905458
45000,55773,0.0755538215823
55000,44852,0.060759507389
65000,30364,0.0411330973504
75000,29604,0.0401035507167
85000,22965,0.0311099190045
300000,18966,0.0256926071778
9500,10718,0.0145193168687
8500,8474,0.011479444966
5500,4958,0.00671643711841
7500,4841,0.00655794112348
6500,4773,0.00646582379309
500000,3292,0.00445956252396
4500,2396,0.00324578122947
5000000,2272,0.00307780256818
700000,1633,0.00221217059588
3500,814,0.00110269863138
900000,571,0.000773514641914
2500,252,0.000341375989076
875,236,0.000319701323103
1125,58,7.85706641524e-05
450,32,4.33493319462e-05
1875,22,2.9802665713e-05
1375,11,1.49013328565e-05
1625,2,2.70933324663e-06
None,0,0.0
