0,233264,0.255462965295
501,59808,0.0654997300414
803,31136,0.0340991103961
504,23754,0.0260145898108
602,23108,0.0253071121221
511,22578,0.0247266737706
807,21284,0.0233095280598
623,20305,0.0222373598597
506,19133,0.0209538244864
524,15935,0.0174514813772
618,15212,0.0166596758526
539,11114,0.0121716827127
819,10859,0.011892415204
613,10825,0.0118551795362
505,10803,0.0118310858687
753,10650,0.0116635253635
751,9979,0.0109286685073
534,9973,0.0109220975071
510,9883,0.010823532504
560,8507,0.0093165831237
528,8416,0.00921692295393
508,6982,0.00764645390498
517,6940,0.00760045690355
535,6810,0.00745808523244
609,6770,0.00741427856441
616,6663,0.00729709572743
512,6272,0.00686888554741
825,6163,0.00674951237703
533,6108,0.00668927820848
770,5993,0.00656333403789
820,5845,0.00640124936617
862,5834,0.00638920253246
635,5595,0.00612745769097
617,5407,0.00592156635122
515,5169,0.00566091667643
527,4906,0.00537288783412
659,4825,0.00528417933136
839,4645,0.00508704932521
641,4636,0.00507719282491
514,4106,0.00449675447348
548,4040,0.00442447347123
566,3976,0.00435438280238
567,3972,0.00435000213558
544,3964,0.00434124080197
630,3684,0.00403459412574
532,3673,0.00402254729204
556,3644,0.00399078745771
521,3608,0.00395136145648
650,3485,0.00381665595229
622,3426,0.00375204111694
563,3419,0.00374437495003
518,3359,0.00367866494799
571,3292,0.00360528877903
561,3095,0.00338954093897
542,3016,0.00330302276961
640,2996,0.00328111943559
790,2980,0.00326359676838
529,2939,0.00321869493365
538,2845,0.00311574926377
555,2834,0.00310370243007
577,2741,0.00300185192689
500,2740,0.00300075676019
671,2707,0.00296461625906
652,2536,0.00277734275323
669,2394,0.00262182908171
686,2385,0.00261197258141
541,2385,0.00261197258141
679,2368,0.00259335474749
789,2263,0.00247836224391
744,2228,0.00244003140938
678,2200,0.00240936674176
693,2158,0.00236336974033
658,2152,0.00235679874012
625,2134,0.00233708573951
557,2119,0.00232065823899
546,2118,0.00231956307229
752,1950,0.00213557506656
564,1947,0.00213228956646
513,1933,0.00211695723265
547,1896,0.00207643606472
716,1816,0.00198882272865
866,1815,0.00198772756195
573,1782,0.00195158706082
637,1757,0.0019242078933
881,1708,0.00187054472497
619,1683,0.00184316555745
523,1674,0.00183330905714
648,1651,0.00180812022302
575,1617,0.00177088455519
722,1584,0.00173474405407
519,1576,0.00172598272046
507,1556,0.00170407938644
588,1538,0.00168436638583
757,1532,0.00167779538562
574,1510,0.00165370171821
675,1479,0.00161975155048
543,1473,0.00161318055028
551,1468,0.00160770471677
530,1464,0.00160332404997
612,1429,0.00156499321544
718,1427,0.00156280288204
604,1382,0.0015135203805
691,1376,0.0015069493803
545,1355,0.00148395087958
682,1343,0.00147080887917
670,1328,0.00145438137866
702,1281,0.00140290854372
632,1249,0.0013678632093
570,1214,0.00132953237477
724,1183,0.00129558220705
725,1176,0.00128791604014
636,1158,0.00126820303953
509,1129,0.0012364432052
811,1119,0.00122549153819
810,1107,0.00121234953778
855,1097,0.00120139787078
531,1074,0.00117620903666
801,1070,0.00117182836986
536,1052,0.00115211536924
642,1043,0.00114225886893
550,1043,0.00114225886893
520,1039,0.00113787820213
765,1029,0.00112692653512
649,1007,0.0011028328677
709,1005,0.0011006425343
503,988,0.00108202470039
605,920,0.00100755336474
522,889,0.000973603197011
828,883,0.000967032196806
698,880,0.000963746696703
687,871,0.000953890196396
705,851,0.00093198686238
804,840,0.000919940028671
633,817,0.000894751194553
592,815,0.000892560861151
800,810,0.000887085027647
516,810,0.000887085027647
610,808,0.000884894694246
502,798,0.000873943027238
540,797,0.000872847860537
600,771,0.000844373526316
634,766,0.000838897692812
611,758,0.000830136359206
584,731,0.000800566858284
868,701,0.00076771185726
576,699,0.000765521523859
743,696,0.000762236023756
624,694,0.000760045690355
526,694,0.000760045690355
628,682,0.000746903689945
651,649,0.000710763188819
627,642,0.000703097021913
525,639,0.000699811521811
656,637,0.000697621188409
692,633,0.000693240521606
813,599,0.000656004853779
676,580,0.000635196686464
746,562,0.000615483685849
762,556,0.000608912685644
673,530,0.000580438351424
582,514,0.000562915684211
758,500,0.0005475833504
598,494,0.000541012350195
537,491,0.000537726850092
764,483,0.000528965516486
581,482,0.000527870349785
606,478,0.000523489682982
565,476,0.00052129934958
662,470,0.000514728349376
773,461,0.000504871849069
759,456,0.000499396015565
569,450,0.00049282501536
559,449,0.000491729848659
603,446,0.000488444348557
644,445,0.000487349181856
657,442,0.000484063681753
554,427,0.000467636181241
549,419,0.000458874847635
643,419,0.000458874847635
736,415,0.000454494180832
553,400,0.00043806668032
756,391,0.000428210180013
710,389,0.000426019846611
754,338,0.00037016634487
717,313,0.00034278717735
771,307,0.000336216177145
597,299,0.000327454843539
734,296,0.000324169343437
737,295,0.000323074176736
821,287,0.000314312843129
767,248,0.000271601341798
749,246,0.000269411008397
661,241,0.000263935174893
639,229,0.000250793174483
647,221,0.000242031840877
760,207,0.000226699507065
558,204,0.000223414006963
755,203,0.000222318840262
802,198,0.000216843006758
631,165,0.000180702505632
711,164,0.000179607338931
638,161,0.000176321838829
745,153,0.000167560505222
766,152,0.000166465338522
596,146,0.000159894338317
626,126,0.000137991004301
740,91,9.96601697727e-05
747,90,9.85650030719e-05
552,84,9.19940028671e-05
583,44,4.81873348352e-05
798,8,8.76133360639e-06
None,0,0.0
