3,166826,0.182545744218
2,151317,0.165575356226
4,135548,0.148320468855
1,132451,0.144931643553
0,113292,0.123967321964
5,103622,0.1133861335
6,60658,0.0663737052543
7,22929,0.0250895625931
8,11411,0.0124862400781
9,5975,0.00653801458825
10,3891,0.00425764263814
11,2749,0.00300803382479
12,1379,0.00150894094012
13,719,0.000786750207356
14,210,0.000229787960424
15,180,0.000196961108935
16,142,0.000155380430382
17,89,9.73863260844e-05
18,86,9.41036409355e-05
20,60,6.56537029783e-05
19,52,5.68998759145e-05
21,36,3.9392221787e-05
24,31,3.39210798721e-05
23,29,3.17326231062e-05
22,29,3.17326231062e-05
28,15,1.64134257446e-05
25,14,1.53191973616e-05
30,13,1.42249689786e-05
26,12,1.31307405957e-05
29,12,1.31307405957e-05
27,10,1.09422838297e-05
33,10,1.09422838297e-05
31,8,8.75382706377e-06
36,6,6.56537029783e-06
35,6,6.56537029783e-06
41,6,6.56537029783e-06
38,3,3.28268514891e-06
39,3,3.28268514891e-06
51,3,3.28268514891e-06
34,3,3.28268514891e-06
40,3,3.28268514891e-06
42,3,3.28268514891e-06
58,3,3.28268514891e-06
66,3,3.28268514891e-06
62,2,2.18845676594e-06
68,2,2.18845676594e-06
43,2,2.18845676594e-06
44,2,2.18845676594e-06
45,2,2.18845676594e-06
47,2,2.18845676594e-06
49,1,1.09422838297e-06
53,1,1.09422838297e-06
57,1,1.09422838297e-06
59,1,1.09422838297e-06
61,1,1.09422838297e-06
261,1,1.09422838297e-06
67,1,1.09422838297e-06
72,1,1.09422838297e-06
76,1,1.09422838297e-06
86,1,1.09422838297e-06
92,1,1.09422838297e-06
96,1,1.09422838297e-06
111,1,1.09422838297e-06
179,1,1.09422838297e-06
198,1,1.09422838297e-06
202,1,1.09422838297e-06
32,1,1.09422838297e-06
46,1,1.09422838297e-06
50,1,1.09422838297e-06
56,1,1.09422838297e-06
63,1,1.09422838297e-06
74,1,1.09422838297e-06
75,1,1.09422838297e-06
77,1,1.09422838297e-06
85,1,1.09422838297e-06
95,1,1.09422838297e-06
192,1,1.09422838297e-06
