2,270488,0.428055749416
3,170558,0.269913388057
1,78243,0.1238220032
4,64818,0.102576519349
5,26522,0.0419718974077
6,7835,0.0123991334058
7,4323,0.00684128317975
10,2396,0.00379174519979
9,1407,0.00222662165947
8,1068,0.00169014351977
11,751,0.00118848107055
12,486,0.000769110253379
13,336,0.000531730545546
17,306,0.000484254603979
24,283,0.000447856382112
15,248,0.000392467783617
36,232,0.000367147281448
16,198,0.00031334121434
39,157,0.000248457427532
31,152,0.000240544770604
14,142,0.000224719456749
26,119,0.000188321234881
18,80,0.000126602510844
29,80,0.000126602510844
34,78,0.000123437448073
23,52,8.22916320488e-05
22,46,7.27964437355e-05
25,35,5.53885984944e-05
19,34,5.38060671088e-05
30,31,4.90584729522e-05
102,30,4.74759415666e-05
41,30,4.74759415666e-05
1000,30,4.74759415666e-05
21,28,4.43108787955e-05
37,24,3.79807532533e-05
32,23,3.63982218677e-05
42,23,3.63982218677e-05
28,22,3.48156904822e-05
38,19,3.00680963255e-05
61,18,2.848556494e-05
60,16,2.53205021689e-05
20,12,1.89903766266e-05
45,11,1.74078452411e-05
33,11,1.74078452411e-05
40,11,1.74078452411e-05
56,10,1.58253138555e-05
94,10,1.58253138555e-05
77,9,1.424278247e-05
48,7,1.10777196989e-05
27,7,1.10777196989e-05
64,6,9.49518831332e-06
43,5,7.91265692777e-06
134,5,7.91265692777e-06
51,4,6.33012554221e-06
44,3,4.74759415666e-06
55,3,4.74759415666e-06
145,3,4.74759415666e-06
86,3,4.74759415666e-06
47,2,3.16506277111e-06
52,2,3.16506277111e-06
35,1,1.58253138555e-06
128,1,1.58253138555e-06
105,1,1.58253138555e-06
112,1,1.58253138555e-06
117,1,1.58253138555e-06
49,1,1.58253138555e-06
65,1,1.58253138555e-06
66,1,1.58253138555e-06
None,0,0.0
