CA,72518,0.0793512538763
TX,58096,0.0635702921371
NY,53357,0.0583847438302
FL,44505,0.0486986341841
ZZ,36782,0.0402479083824
PA,29918,0.0327371247617
IL,28926,0.0316516502058
OH,27702,0.0303123146651
NJ,25633,0.0280483561407
NC,22594,0.0247229960849
GA,21626,0.0236637830101
VA,20893,0.0228617136054
MI,19512,0.0213505842085
MA,19232,0.0210442002613
H9,17171,0.018788995564
WA,14109,0.0154384682553
MD,13759,0.0150554883213
AZ,13279,0.0145302586975
MO,13266,0.0145160337285
CO,12949,0.0141691633311
WI,12648,0.0138398005878
MN,12390,0.013557489665
TN,11498,0.0125814379474
IN,10861,0.0118844144674
07,10490,0.0114784557374
02,9712,0.0106271460554
LA,8862,0.00969705192989
CT,8819,0.00965000010942
SC,8561,0.00936768918662
AL,7936,0.00868379644726
OR,7503,0.00820999555743
KY,7283,0.00796926531318
OK,7019,0.00768038902007
ON,6653,0.00727990143191
KS,6107,0.0066824527348
IA,6053,0.00662336440212
UT,5926,0.00648439739749
NV,5832,0.00638153992949
04,5674,0.00620865184498
DE,5339,0.00584208533668
DC,4527,0.00495357188971
AR,4331,0.00473910312665
NE,4144,0.00453448241903
MS,4056,0.00443819032133
08,3358,0.00367441891002
05,3323,0.00363612091661
NM,3259,0.0035660903001
WV,3192,0.00349277699844
ME,3169,0.00346760974564
QC,3147,0.00344353672121
NH,3136,0.003431500209
01,2816,0.00308134712645
00,2641,0.00288985715943
ID,2610,0.00285593607955
RI,2573,0.00281544962938
09,2337,0.002557211731
HI,2230,0.00244012929403
A7,2135,0.00233617759764
I2,2135,0.00233617759764
11,2018,0.00220815287684
06,2005,0.00219392790786
BC,1942,0.00212499151973
V2,1850,0.0020243225085
27,1730,0.00189301510254
16,1723,0.00188535550386
N7,1701,0.00186128247943
15,1694,0.00185362288075
ND,1685,0.00184377482531
MT,1661,0.00181751334412
AB,1647,0.00180219414675
L9,1633,0.00178687494939
F8,1537,0.00168182902463
H2,1530,0.00167416942595
B7,1529,0.00167307519756
H3,1509,0.0016511906299
26,1493,0.00163368297578
SD,1489,0.00162930606224
A8,1476,0.00161508109327
03,1446,0.00158225424178
F2,1444,0.00158006578501
G5,1428,0.00156255813088
E4,1428,0.00156255813088
H8,1389,0.00151988322395
21,1365,0.00149362174276
17,1324,0.00144875837905
J8,1306,0.00142906226816
12,1289,0.00141046038565
VT,1252,0.00136997393548
18,1231,0.00134699513944
13,1142,0.00124960881335
14,1141,0.00124851458497
C3,1134,0.00124085498629
20,1120,0.00122553578893
U8,1113,0.00121787619025
I9,1093,0.00119599162259
H4,1068,0.00116863591301
10,1027,0.00112377254931
K2,1026,0.00112267832093
WY,1019,0.00111501872225
J1,991,0.00108438032752
P6,963,0.0010537419328
B9,952,0.00104170542059
E6,951,0.00104061119221
AK,942,0.00103076313676
B4,896,0.000980428631142
I7,853,0.000933376810674
40,809,0.000885230761824
M3,809,0.000885230761824
25,809,0.000885230761824
19,800,0.000875382706377
M4,794,0.000868817336079
N5,788,0.000862251965781
B6,773,0.000845838540037
R3,760,0.000831613571058
D4,748,0.000818482830462
H7,743,0.000813011688548
D9,730,0.000798786719569
N4,709,0.000775807923527
null,687,0.000751734899101
C5,670,0.000733133016591
X5,663,0.00072547341791
28,651,0.000712342677314
23,648,0.000709059992165
I6,645,0.000705777307016
K7,638,0.000698117708336
B8,621,0.000679515825825
Q3,612,0.000669667770378
34,605,0.000662008171698
Q4,599,0.0006554428014
C8,596,0.000652160116251
29,592,0.000647783202719
N1,589,0.00064450051757
T5,562,0.00061495635123
K4,562,0.00061495635123
C7,556,0.000608390980932
P3,534,0.000584317956507
V1,527,0.000576658357826
C6,507,0.000554773790166
P8,500,0.000547114191486
G1,489,0.000535077679273
B2,484,0.000529606537358
Z1,477,0.000521946938677
J9,453,0.000495685457486
E2,450,0.000492402772337
I3,450,0.000492402772337
K3,449,0.000491308543954
G6,439,0.000480366260124
MB,436,0.000477083574975
NS,436,0.000477083574975
G8,432,0.000472706661444
C9,432,0.000472706661444
30,432,0.000472706661444
D8,429,0.000469423976295
N6,427,0.000467235519529
M1,423,0.000462858605997
F9,415,0.000454104778933
Q5,411,0.000449727865401
A4,407,0.000445350951869
A2,406,0.000444256723486
A9,400,0.000437691353188
H5,393,0.000430031754508
N2,391,0.000427843297742
P7,387,0.00042346638421
F4,382,0.000417995242295
NB,369,0.000403770273316
K6,369,0.000403770273316
L3,369,0.000403770273316
D3,361,0.000395016446253
K8,352,0.000385168390806
D7,350,0.00038297993404
SK,349,0.000381885705657
51,347,0.000379697248891
B5,347,0.000379697248891
G7,341,0.000373131878593
D6,339,0.000370943421827
J7,326,0.000356718452849
56,323,0.0003534357677
I1,323,0.0003534357677
B1,322,0.000352341539317
A1,321,0.000351247310934
22,319,0.000349058854168
A3,310,0.000339210798721
D2,305,0.000333739656806
K9,305,0.000333739656806
L7,303,0.00033155120004
E7,300,0.000328268514891
M9,296,0.000323891601359
U3,296,0.000323891601359
P9,294,0.000321703144594
B3,292,0.000319514687828
E5,282,0.000308572403998
F6,272,0.000297630120168
N3,268,0.000293253206636
A5,265,0.000289970521487
K1,261,0.000285593607955
O8,261,0.000285593607955
X4,261,0.000285593607955
L1,257,0.000281216694424
D5,249,0.00027246286736
L2,248,0.000271368638977
J5,237,0.000259332126764
P2,237,0.000259332126764
O7,232,0.000253860984849
Y6,231,0.000252766756466
78,228,0.000249484071317
Y9,228,0.000249484071317
I4,227,0.000248389842934
L6,224,0.000245107157786
V8,220,0.000240730244254
24,218,0.000238541787488
N8,214,0.000234164873956
97,212,0.00023197641719
60,205,0.000224316818509
NL,204,0.000223222590126
E3,196,0.000214468763062
32,194,0.000212280306296
Y4,194,0.000212280306296
W1,193,0.000211186077913
A6,193,0.000211186077913
N9,191,0.000208997621147
K5,189,0.000206809164382
C1,187,0.000204620707616
Z4,185,0.00020243225085
48,184,0.000201338022467
M5,179,0.000195866880552
AE,177,0.000193678423786
M2,174,0.000190395738637
J2,173,0.000189301510254
O2,169,0.000184924596722
U9,167,0.000182736139956
Z7,161,0.000176170769658
C2,155,0.000169605399361
J3,154,0.000168511170978
W9,151,0.000165228485829
Q1,151,0.000165228485829
M7,149,0.000163040029063
J6,147,0.000160851572297
E9,143,0.000156474658765
Z5,143,0.000156474658765
F7,142,0.000155380430382
G2,139,0.000152097745233
31,138,0.00015100351685
35,138,0.00015100351685
42,136,0.000148815060084
W5,134,0.000146626603318
53,132,0.000144438146552
Y1,131,0.000143343918169
58,129,0.000141155461403
P4,119,0.000130213177574
73,119,0.000130213177574
X7,117,0.000128024720808
83,116,0.000126930492425
E1,115,0.000125836264042
55,115,0.000125836264042
Y5,113,0.000123647807276
O3,113,0.000123647807276
86,112,0.000122553578893
81,110,0.000120365122127
38,107,0.000117082436978
W2,107,0.000117082436978
66,107,0.000117082436978
U4,105,0.000114893980212
O1,104,0.000113799751829
52,101,0.00011051706668
68,100,0.000109422838297
X3,99,0.000108328609914
S6,98,0.000107234381531
S5,95,0.000103951696382
59,93,0.000101763239616
D1,91,9.95747828504e-05
O4,90,9.84805544674e-05
L5,90,9.84805544674e-05
44,89,9.73863260844e-05
77,89,9.73863260844e-05
O6,89,9.73863260844e-05
Z3,86,9.41036409355e-05
39,86,9.41036409355e-05
Q2,85,9.30094125526e-05
F5,85,9.30094125526e-05
57,82,8.97267274036e-05
W4,82,8.97267274036e-05
71,82,8.97267274036e-05
J4,81,8.86324990207e-05
Z6,81,8.86324990207e-05
Y8,80,8.75382706377e-05
54,79,8.64440422547e-05
Z8,78,8.53498138718e-05
ERROR,76,8.31613571058e-05
V3,76,8.31613571058e-05
T2,75,8.20671287228e-05
Y7,75,8.20671287228e-05
V7,74,8.09729003399e-05
T6,73,7.98786719569e-05
R8,72,7.87844435739e-05
V4,71,7.7690215191e-05
W6,70,7.6595986808e-05
72,70,7.6595986808e-05
L8,65,7.11248448931e-05
S9,65,7.11248448931e-05
80,63,6.89363881272e-05
99,62,6.78421597442e-05
47,61,6.67479313612e-05
W7,60,6.56537029783e-05
65,59,6.45594745953e-05
X6,58,6.34652462123e-05
PE,57,6.23710178294e-05
X9,57,6.23710178294e-05
85,56,6.12767894464e-05
61,54,5.90883326804e-05
33,52,5.68998759145e-05
41,51,5.58056475315e-05
37,50,5.47114191486e-05
T9,50,5.47114191486e-05
U2,50,5.47114191486e-05
T1,49,5.36171907656e-05
X8,49,5.36171907656e-05
Y3,47,5.14287339996e-05
45,47,5.14287339996e-05
82,47,5.14287339996e-05
98,46,5.03345056167e-05
87,46,5.03345056167e-05
Q6,45,4.92402772337e-05
36,44,4.81460488507e-05
84,44,4.81460488507e-05
50,41,4.48633637018e-05
74,41,4.48633637018e-05
V5,41,4.48633637018e-05
AP,39,4.26749069359e-05
Q7,37,4.04864501699e-05
90,37,4.04864501699e-05
T8,36,3.9392221787e-05
75,36,3.9392221787e-05
R6,34,3.7203765021e-05
Z2,33,3.6109536638e-05
G9,33,3.6109536638e-05
91,33,3.6109536638e-05
62,32,3.50153082551e-05
Q9,32,3.50153082551e-05
X1,32,3.50153082551e-05
T7,31,3.39210798721e-05
43,31,3.39210798721e-05
V6,29,3.17326231062e-05
S1,29,3.17326231062e-05
X2,28,3.06383947232e-05
U6,28,3.06383947232e-05
88,28,3.06383947232e-05
Q8,27,2.95441663402e-05
70,26,2.84499379573e-05
R2,25,2.73557095743e-05
Y2,25,2.73557095743e-05
76,24,2.62614811913e-05
46,23,2.51672528083e-05
49,23,2.51672528083e-05
O9,23,2.51672528083e-05
P5,21,2.29787960424e-05
L4,21,2.29787960424e-05
R4,21,2.29787960424e-05
NT,20,2.18845676594e-05
F1,19,2.07903392765e-05
M6,17,1.86018825105e-05
U1,17,1.86018825105e-05
67,15,1.64134257446e-05
P1,15,1.64134257446e-05
79,15,1.64134257446e-05
H1,13,1.42249689786e-05
S7,12,1.31307405957e-05
T3,10,1.09422838297e-05
89,10,1.09422838297e-05
63,9,9.84805544674e-06
R7,9,9.84805544674e-06
G3,8,8.75382706377e-06
R9,8,8.75382706377e-06
64,7,7.6595986808e-06
69,6,6.56537029783e-06
F3,6,6.56537029783e-06
NU,6,6.56537029783e-06
YT,5,5.47114191486e-06
I8,5,5.47114191486e-06
S2,5,5.47114191486e-06
H6,5,5.47114191486e-06
T4,4,4.37691353188e-06
W8,4,4.37691353188e-06
M8,4,4.37691353188e-06
E8,4,4.37691353188e-06
93,4,4.37691353188e-06
U7,2,2.18845676594e-06
R5,2,2.18845676594e-06
G4,2,2.18845676594e-06
O5,2,2.18845676594e-06
92,2,2.18845676594e-06
S3,2,2.18845676594e-06
S4,2,2.18845676594e-06
U5,1,1.09422838297e-06
R1,1,1.09422838297e-06
W3,1,1.09422838297e-06
S8,1,1.09422838297e-06
