25000,219279,0.247151790303
35000,136329,0.153657926296
100000,130301,0.146863700711
15000,104264,0.117517109546
45000,64067,0.0722106255016
55000,50994,0.0574759023651
65000,36866,0.0415520770403
75000,36125,0.0407168877307
85000,32145,0.0362309856361
300000,28692,0.0323390710801
9500,7747,0.00873172952941
8500,7669,0.00864381486524
7500,7236,0.00815577576801
6500,5639,0.00635577937477
5500,5071,0.00571558028187
500000,5065,0.00570881761539
5000000,2897,0.00326524079601
4500,2234,0.0025179661506
900000,1848,0.00208290127409
700000,1406,0.00158471817715
3500,837,0.000943391973166
875,355,0.000400124433063
2500,127,0.000143143107039
1875,23,2.59235548182e-05
1125,5,5.63555539526e-06
1625,2,2.2542221581e-06
1375,1,1.12711107905e-06
None,0,0.0
