0,192005,0.246365244928
501,52149,0.066913367661
803,27043,0.0346993844879
511,20703,0.0265644106442
504,20592,0.026421984446
602,20189,0.0259048875282
807,18127,0.0232590963507
506,17297,0.0221941076614
623,15056,0.0193186382002
524,14168,0.0181792286146
618,13028,0.0167164730654
819,10326,0.0132494857901
539,9863,0.0126554017381
613,9719,0.0124706326161
505,9413,0.0120779982319
534,9307,0.0119419876282
753,8867,0.0113774153109
751,8305,0.0106563024876
510,8300,0.0106498868931
528,7679,0.00985307005444
560,7149,0.00917301703597
517,6125,0.00785910327952
508,6084,0.00780649540451
512,5921,0.00759734702336
535,5783,0.00742027661477
609,5778,0.00741386102026
820,5461,0.00700711232808
616,5352,0.00686725236768
770,5259,0.00674792230972
533,5231,0.00671199498044
862,5231,0.00671199498044
825,4922,0.00631551123948
515,4793,0.00614998890102
527,4509,0.00578558313263
659,4314,0.00553537494659
617,4313,0.00553409182769
635,4237,0.00543657479108
566,3759,0.00482324395555
641,3705,0.0047539555348
548,3679,0.00472059444333
839,3607,0.00462820988233
544,3495,0.00448450056521
514,3434,0.00440623031214
567,3292,0.00422402742795
556,3291,0.00422274430905
521,3049,0.00391222953457
563,3042,0.00390324770225
532,3009,0.00386090477846
630,2910,0.00373387600709
518,2885,0.00370179803452
561,2779,0.00356578743082
529,2735,0.0035093301991
571,2701,0.00346570415641
650,2681,0.00344004177835
542,2658,0.00341053004359
538,2568,0.00329504934234
790,2483,0.0031859842356
622,2454,0.00314877378742
640,2405,0.00308590096118
577,2352,0.00301789565934
555,2308,0.00296143842761
500,2177,0.00279334985135
541,2160,0.00277153683
652,2078,0.00266632107998
679,2075,0.00266247172327
671,1986,0.00254827414092
744,1979,0.0025392923086
669,1962,0.00251747928725
686,1956,0.00250978057384
557,1950,0.00250208186042
693,1916,0.00245845581773
547,1863,0.00239045051588
546,1835,0.0023545231866
810,1807,0.00231859585732
789,1803,0.00231346338171
658,1790,0.00229678283598
564,1757,0.00225443991218
678,1740,0.00223262689084
513,1699,0.00218001901582
752,1609,0.00206453831457
523,1597,0.00204914088774
573,1568,0.00201193043956
881,1537,0.00197215375357
625,1535,0.00196958751577
637,1531,0.00196445504016
866,1480,0.00189901597611
519,1433,0.00183870938768
507,1428,0.00183229379317
619,1424,0.00182716131756
648,1387,0.00177968591815
574,1386,0.00177840279925
757,1380,0.00177070408584
722,1351,0.00173349363765
543,1351,0.00173349363765
575,1347,0.00172836116204
588,1332,0.0017091143785
551,1327,0.00170269878399
716,1327,0.00170269878399
675,1324,0.00169884942728
691,1303,0.00167190393032
682,1302,0.00167062081142
604,1246,0.00159876615286
530,1195,0.00153332708882
725,1193,0.00153076085102
545,1190,0.00152691149431
702,1137,0.00145890619246
612,1118,0.00143452693331
724,1091,0.00139988272293
801,1070,0.00137293722597
632,1060,0.00136010603695
670,1024,0.00131391375645
718,1023,0.00131263063754
811,1021,0.00131006439974
509,999,0.00128183578388
570,998,0.00128055266497
531,985,0.00126387211924
855,962,0.00123436038447
636,945,0.00121254736313
536,945,0.00121254736313
649,909,0.00116635508263
765,903,0.00115865636921
503,895,0.00114839141799
520,879,0.00112786151554
550,867,0.00111246408871
709,841,0.00107910299724
605,815,0.00104574190577
687,801,0.00102777824113
698,791,0.0010149470521
592,758,0.000972604128307
828,737,0.000945658631348
502,728,0.000934110561223
516,703,0.000902032588654
522,703,0.000902032588654
600,692,0.000887918280723
642,691,0.000886635161821
743,680,0.00087252085389
705,673,0.000863539021571
540,673,0.000863539021571
611,672,0.000862255902668
610,667,0.000855840308154
804,660,0.000846858475834
584,652,0.000836593524612
800,619,0.00079425060082
633,615,0.000789118125209
868,595,0.000763455747154
634,594,0.000762172628251
624,588,0.000754473914834
526,583,0.00074805832032
676,565,0.00072496218007
576,564,0.000723679061168
651,560,0.000718546585556
813,553,0.000709564753237
525,539,0.000691601088598
656,530,0.000680053018473
692,515,0.000660806234931
628,477,0.000612047716626
762,465,0.000596650289792
627,465,0.000596650289792
673,457,0.00058638533857
758,444,0.000569704792834
569,433,0.000555590484903
662,432,0.000554307366001
559,411,0.000527361869042
565,410,0.00052607875014
764,409,0.000524795631237
598,406,0.000520946274528
537,400,0.000513247561112
581,399,0.000511964442209
606,395,0.000506831966598
746,393,0.000504265728792
756,389,0.000499133253181
582,384,0.000492717658667
773,381,0.000488868301959
554,381,0.000488868301959
657,378,0.000485018945251
549,377,0.000483735826348
603,371,0.000476037112931
736,346,0.000443959140362
759,345,0.000442676021459
553,327,0.000419579881209
644,306,0.00039263438425
643,293,0.000375953838514
717,290,0.000372104481806
737,290,0.000372104481806
771,288,0.000369538244
754,281,0.000360556411681
821,270,0.00034644210375
710,267,0.000342592747042
597,252,0.0003233459635
734,235,0.000301532942153
767,231,0.000296400466542
639,183,0.000234810759209
802,183,0.000234810759209
749,182,0.000233527640306
755,179,0.000229678283598
760,177,0.000227112045792
558,173,0.000221979570181
647,170,0.000218130213472
661,168,0.000215563975667
711,166,0.000212997737861
631,160,0.000205299024445
638,126,0.00016167298175
745,124,0.000159106743945
596,113,0.000144992436014
766,109,0.000139859960403
552,103,0.000132161246986
626,97,0.00012446253357
747,78,0.000100083274417
740,60,7.69871341668e-05
583,29,3.72104481806e-05
798,10,1.28311890278e-05
None,0,0.0
