3,141152,0.181094815874
2,125846,0.161457564883
4,115169,0.147759215947
1,106819,0.137046355254
0,100373,0.128776283394
5,87682,0.112494018118
6,57995,0.0744062701668
7,21903,0.0281010524263
8,10338,0.0132634196221
9,4476,0.0057426065224
10,3302,0.00423639113873
11,2190,0.00280972034943
12,1118,0.00143436865327
13,599,0.000768503419776
14,97,0.000124448800865
15,71,9.1091390324e-05
16,63,8.0827571696e-05
17,46,5.90169571114e-05
18,33,4.23382518408e-05
19,28,3.59233651982e-05
20,13,1.66787052706e-05
22,13,1.66787052706e-05
24,12,1.53957279421e-05
21,11,1.41127506136e-05
23,10,1.28297732851e-05
26,8,1.02638186281e-05
25,7,8.98084129955e-06
37,6,7.69786397105e-06
30,6,7.69786397105e-06
32,5,6.41488664254e-06
27,4,5.13190931403e-06
33,3,3.84893198552e-06
34,3,3.84893198552e-06
31,2,2.56595465702e-06
55,2,2.56595465702e-06
63,2,2.56595465702e-06
28,2,2.56595465702e-06
35,2,2.56595465702e-06
45,2,2.56595465702e-06
29,2,2.56595465702e-06
39,1,1.28297732851e-06
47,1,1.28297732851e-06
51,1,1.28297732851e-06
54,1,1.28297732851e-06
59,1,1.28297732851e-06
64,1,1.28297732851e-06
80,1,1.28297732851e-06
94,1,1.28297732851e-06
106,1,1.28297732851e-06
123,1,1.28297732851e-06
38,1,1.28297732851e-06
40,1,1.28297732851e-06
41,1,1.28297732851e-06
46,1,1.28297732851e-06
48,1,1.28297732851e-06
52,1,1.28297732851e-06
56,1,1.28297732851e-06
65,1,1.28297732851e-06
68,1,1.28297732851e-06
71,1,1.28297732851e-06
81,1,1.28297732851e-06
295,1,1.28297732851e-06
