CA,62343,0.0799846555912
TX,46031,0.0590567294085
NY,45815,0.0587796063056
FL,39742,0.0509880849896
ZZ,30639,0.0393091423681
PA,26970,0.0346018985499
IL,25182,0.0323079350865
OH,24104,0.0309248855263
NJ,22849,0.0293147489791
NC,19395,0.0248833452864
GA,19005,0.0243829841283
VA,18763,0.0240725036148
MA,17310,0.0222083375565
MI,17143,0.0219940803426
H9,14459,0.0185505691929
WA,13341,0.0171162005396
MD,12740,0.0163451311652
MN,11188,0.0143539503513
MO,11070,0.0142025590266
AZ,10985,0.0140935059537
CO,10864,0.0139382656969
WI,10422,0.0133711897177
TN,10048,0.0128913561968
IN,9634,0.0123602035828
07,8819,0.0113145770601
OR,7939,0.010185557011
02,7748,0.00994050834128
CT,7452,0.00956074705204
SC,7405,0.0095004471176
KY,6752,0.00866266292208
AL,6663,0.00854847793985
LA,6334,0.00812637839877
IA,5400,0.00692807757394
OK,5389,0.00691396482333
UT,5217,0.00669329272282
KS,5074,0.00650982696485
04,4841,0.00621089324731
ON,4757,0.00610312315171
NV,4676,0.0059992019881
DC,4387,0.00562842154016
DE,3911,0.00501772433179
AR,3666,0.00470339488631
NE,3425,0.00439419735014
MS,3060,0.00392591062523
05,2901,0.00372191723
NH,2864,0.00367444706885
WV,2781,0.00356795995058
NM,2725,0.00349611322018
08,2547,0.00326774325571
ME,2543,0.00326261134639
01,2422,0.00310737108965
ID,2357,0.00302397756329
RI,2131,0.00273402468705
QC,2121,0.00272119491376
HI,1980,0.00254029511045
00,1943,0.00249282494929
09,1928,0.00247358028936
I2,1914,0.00245561860676
A7,1885,0.00241841226424
06,1821,0.00233630171521
11,1617,0.0020745743402
A8,1548,0.00198604890453
V2,1544,0.00198091699522
ND,1528,0.00196038935796
AB,1495,0.00191805110612
MT,1462,0.00187571285428
BC,1446,0.00185518521702
SD,1445,0.00185390223969
N7,1383,0.00177435764533
16,1325,0.00169994496027
H3,1313,0.00168454923233
F2,1312,0.001683266255
L9,1308,0.00167813434569
03,1277,0.0016383620485
B7,1271,0.00163066418453
15,1270,0.0016293812072
F8,1269,0.00162809822988
H8,1249,0.00160243868331
G5,1218,0.00156266638612
VT,1186,0.00152161111161
J8,1183,0.00151776217962
H2,1163,0.00149210263305
17,1153,0.00147927285977
E4,1128,0.00144719842656
12,1033,0.00132531558035
27,1014,0.00130093901111
21,977,0.00125346884995
C3,975,0.00125090289529
U8,958,0.00122909228071
14,923,0.00118418807421
18,918,0.00117777318757
B9,901,0.00115596257299
I9,899,0.00115339661833
13,898,0.001152113641
40,890,0.00114184982237
AK,890,0.00114184982237
K2,888,0.00113928386771
WY,879,0.00112773707176
H4,837,0.00107385202396
B4,836,0.00107256904663
20,827,0.00106102225068
P6,818,0.00104947545472
10,792,0.00101611804418
J1,779,0.000999439338907
E6,752,0.000964798951038
M4,704,0.000903216039269
19,675,0.000866009696743
I7,673,0.000863443742086
M3,669,0.000858311832772
D9,654,0.000839067172844
H7,653,0.000837784195515
B6,640,0.000821105490245
N5,635,0.000814690603602
B8,589,0.000755673646491
N4,588,0.000754390669162
D4,579,0.000742843873206
X5,579,0.000742843873206
26,578,0.000741560895877
C5,556,0.00071333539465
R3,554,0.000710769439993
Q3,552,0.000708203485336
I6,542,0.000695373712051
K7,542,0.000695373712051
34,519,0.000665865233495
C8,511,0.000655601414867
P3,508,0.000651752482882
Q4,507,0.000650469505553
C7,479,0.000614546140355
B2,472,0.000605565299056
30,466,0.000597867435085
NS,460,0.000590169571114
K4,450,0.000577339797828
V1,427,0.000547831319273
T5,425,0.000545265364616
N1,422,0.00054141643263
25,405,0.000519605818046
A9,404,0.000518322840717
Z1,400,0.000513190931403
C6,397,0.000509341999418
G6,389,0.000499078180789
I3,387,0.000496512226132
23,382,0.00049009733949
A2,381,0.000488814362161
29,378,0.000484965430176
P8,377,0.000483682452847
F9,377,0.000483682452847
G1,374,0.000479833520862
C9,374,0.000479833520862
K6,373,0.000478550543533
B5,372,0.000477267566205
MB,368,0.000472135656891
N6,364,0.000467003747577
A4,361,0.000463154815591
J9,354,0.000454173974292
G8,354,0.000454173974292
Q5,352,0.000451608019635
D8,339,0.000434929314364
E2,339,0.000434929314364
H5,329,0.000422099541079
A1,329,0.000422099541079
N2,328,0.000420816563751
K3,326,0.000418250609093
D3,321,0.000411835722451
M1,317,0.000406703813137
F4,314,0.000402854881151
NB,309,0.000396439994509
D7,305,0.000391308085195
A3,297,0.000381044266567
M9,297,0.000381044266567
B1,296,0.000379761289238
K8,296,0.000379761289238
L3,289,0.000370780447939
B3,288,0.00036949747061
G7,286,0.000366931515953
I1,272,0.000348969833354
J7,267,0.000342554946712
P7,266,0.000341271969383
D2,265,0.000339988992055
L7,264,0.000338706014726
SK,264,0.000338706014726
D6,257,0.000329725173426
K9,255,0.000327159218769
L1,251,0.000322027309455
22,249,0.000319461354798
28,243,0.000311763490827
K1,241,0.00030919753617
F6,240,0.000307914558842
X4,238,0.000305348604185
56,227,0.000291235853571
E5,222,0.000284820966929
P2,220,0.000282255012272
U3,218,0.000279689057615
P9,217,0.000278406080286
Y9,216,0.000277123102958
I4,214,0.000274557148301
O8,213,0.000273274170972
78,210,0.000269425238987
97,210,0.000269425238987
L2,209,0.000268142261658
N3,208,0.00026685928433
A5,208,0.00026685928433
O7,208,0.00026685928433
E7,208,0.00026685928433
C1,204,0.000261727375016
D5,193,0.000247614624402
V8,193,0.000247614624402
AE,184,0.000236067828445
51,184,0.000236067828445
A6,183,0.000234784851117
NL,179,0.000229652941803
N8,178,0.000228369964474
Y6,173,0.000221955077832
J5,169,0.000216823168518
N9,168,0.000215540191189
L6,168,0.000215540191189
Z4,164,0.000210408281875
J2,162,0.000207842327218
24,160,0.000205276372561
Z7,155,0.000198861485919
E3,153,0.000196295531262
E9,152,0.000195012553933
J6,151,0.000193729576605
K5,149,0.000191163621948
M5,145,0.000186031712634
Y4,145,0.000186031712634
O2,144,0.000184748735305
35,141,0.00018089980332
32,140,0.000179616825991
U9,139,0.000178333848663
W1,138,0.000177050871334
W9,135,0.000173201939349
J3,134,0.00017191896202
C2,128,0.000164221098049
M2,127,0.00016293812072
M7,124,0.000159089188735
31,122,0.000156523234078
G2,118,0.000151391324764
X3,117,0.000150108347435
Q1,115,0.000147542392778
W5,113,0.000144976438121
60,112,0.000143693460793
83,108,0.000138561551479
Z5,106,0.000135995596822
P4,106,0.000135995596822
F7,104,0.000133429642165
Y1,103,0.000132146664836
L5,99,0.000127014755522
99,97,0.000124448800865
O1,97,0.000124448800865
X7,97,0.000124448800865
E1,96,0.000123165823537
ERROR,94,0.00012059986888
D1,92,0.000118033914223
U4,91,0.000116750936894
53,91,0.000116750936894
O3,90,0.000115467959566
77,88,0.000112902004909
Y5,88,0.000112902004909
W2,86,0.000110336050252
O4,84,0.000107770095595
86,82,0.000105204140938
S5,81,0.000103921163609
Z8,79,0.000101355208952
V3,79,0.000101355208952
38,76,9.75062769666e-05
W7,76,9.75062769666e-05
48,76,9.75062769666e-05
58,75,9.62232996381e-05
52,75,9.62232996381e-05
Z3,74,9.49403223096e-05
Y7,74,9.49403223096e-05
44,74,9.49403223096e-05
O6,73,9.36573449811e-05
W4,72,9.23743676525e-05
Q2,71,9.1091390324e-05
55,70,8.98084129955e-05
W6,70,8.98084129955e-05
PE,69,8.8525435667e-05
98,66,8.46765036815e-05
81,65,8.3393526353e-05
82,62,7.95445943675e-05
V7,61,7.8261617039e-05
73,60,7.69786397105e-05
T6,59,7.5695662382e-05
J4,59,7.5695662382e-05
68,58,7.44126850534e-05
Z6,57,7.31297077249e-05
R8,55,7.05637530679e-05
S9,55,7.05637530679e-05
T1,54,6.92807757394e-05
72,53,6.79977984109e-05
59,52,6.67148210824e-05
74,52,6.67148210824e-05
Y8,52,6.67148210824e-05
S6,51,6.54318437539e-05
X9,48,6.15829117684e-05
F5,48,6.15829117684e-05
L8,48,6.15829117684e-05
36,47,6.02999344399e-05
G9,47,6.02999344399e-05
42,46,5.90169571114e-05
66,45,5.77339797828e-05
37,44,5.64510024543e-05
54,43,5.51680251258e-05
X8,43,5.51680251258e-05
80,43,5.51680251258e-05
V4,42,5.38850477973e-05
U2,41,5.26020704688e-05
T2,40,5.13190931403e-05
50,40,5.13190931403e-05
Y3,40,5.13190931403e-05
47,39,5.00361158118e-05
X6,38,4.87531384833e-05
87,38,4.87531384833e-05
33,37,4.74701611548e-05
84,36,4.61871838263e-05
T9,35,4.49042064978e-05
X1,34,4.36212291693e-05
Z2,32,4.10552745122e-05
AP,31,3.97722971837e-05
P5,30,3.84893198552e-05
T8,29,3.72063425267e-05
Y2,29,3.72063425267e-05
75,29,3.72063425267e-05
85,28,3.59233651982e-05
45,28,3.59233651982e-05
T7,26,3.33574105412e-05
57,26,3.33574105412e-05
39,26,3.33574105412e-05
41,26,3.33574105412e-05
V6,26,3.33574105412e-05
61,25,3.20744332127e-05
71,25,3.20744332127e-05
Q6,25,3.20744332127e-05
91,24,3.07914558842e-05
S1,24,3.07914558842e-05
65,23,2.95084785557e-05
Q7,22,2.82255012272e-05
Q9,22,2.82255012272e-05
76,21,2.69425238987e-05
79,21,2.69425238987e-05
O9,21,2.69425238987e-05
R4,21,2.69425238987e-05
L4,20,2.56595465702e-05
U1,20,2.56595465702e-05
V5,19,2.43765692416e-05
X2,19,2.43765692416e-05
R2,17,2.18106145846e-05
49,17,2.18106145846e-05
Q8,17,2.18106145846e-05
R6,17,2.18106145846e-05
YT,16,2.05276372561e-05
88,16,2.05276372561e-05
F1,16,2.05276372561e-05
U6,15,1.92446599276e-05
M6,14,1.79616825991e-05
H1,14,1.79616825991e-05
46,13,1.66787052706e-05
90,13,1.66787052706e-05
62,12,1.53957279421e-05
NT,11,1.41127506136e-05
S7,11,1.41127506136e-05
G3,10,1.28297732851e-05
T3,9,1.15467959566e-05
63,9,1.15467959566e-05
67,9,1.15467959566e-05
W8,8,1.02638186281e-05
P1,8,1.02638186281e-05
E8,7,8.98084129955e-06
H6,6,7.69786397105e-06
NU,6,7.69786397105e-06
R7,6,7.69786397105e-06
43,6,7.69786397105e-06
69,6,7.69786397105e-06
70,6,7.69786397105e-06
F3,5,6.41488664254e-06
I8,5,6.41488664254e-06
AA,4,5.13190931403e-06
U5,3,3.84893198552e-06
O5,2,2.56595465702e-06
64,2,2.56595465702e-06
R9,2,2.56595465702e-06
S2,2,2.56595465702e-06
S4,2,2.56595465702e-06
M8,1,1.28297732851e-06
T4,1,1.28297732851e-06
R5,1,1.28297732851e-06
S3,1,1.28297732851e-06
G4,1,1.28297732851e-06
W3,1,1.28297732851e-06
89,1,1.28297732851e-06
92,1,1.28297732851e-06
93,1,1.28297732851e-06
