25000,197102,0.259749399064
100000,105456,0.138974402227
35000,99158,0.13067462995
15000,76285,0.100531617678
45000,58701,0.0773586745667
55000,46603,0.0614154155948
75000,40146,0.0529061063552
65000,35467,0.0467399211403
85000,28481,0.0375334732004
300000,26658,0.0351310462615
9500,8477,0.0111713511576
500000,6287,0.00828527600894
8500,5813,0.007660618648
6500,5613,0.00739705014127
7500,4993,0.00657998777042
5500,4545,0.00598959431535
700000,3864,0.00509214354995
4500,1719,0.00226537131531
5000000,1271,0.00167497786025
3500,814,0.00107272382238
900000,638,0.000840783536457
625,323,0.000425663138363
2500,283,0.000372949437018
1875,62,8.17062370851e-05
1375,36,4.74423312107e-05
875,17,2.24033230717e-05
1625,4,5.27137013453e-06
None,0,0.0
