0,9273,0.180296313579
501,3353,0.0651928760305
803,2387,0.0464107948359
807,1583,0.0307785036553
602,1405,0.0273176232696
511,1263,0.0245566962203
504,1219,0.0237011976979
506,1108,0.0215430082439
623,1073,0.0208624980557
618,967,0.0188015243428
524,875,0.0170127547052
819,852,0.0165655622958
753,823,0.016001710997
539,676,0.0131435682066
613,665,0.012929693576
751,646,0.0125602737595
505,632,0.0122880696842
534,629,0.0122297402395
510,610,0.0118603204231
528,500,0.00972157411728
862,486,0.009449370042
820,468,0.00909939337378
825,442,0.00859387151968
560,441,0.00857442837144
770,409,0.00795224762794
609,404,0.00785503188676
616,403,0.00783558873853
508,388,0.00754394151501
535,387,0.00752449836678
517,382,0.0074272826256
533,374,0.00727173743973
515,326,0.00633846632447
512,322,0.00626069373153
527,317,0.00616347799036
839,315,0.00612459169389
617,315,0.00612459169389
635,313,0.00608570539742
659,271,0.00526909317157
514,255,0.00495800279981
548,254,0.00493855965158
641,247,0.00480245761394
630,244,0.00474412816923
567,241,0.00468579872453
566,239,0.00464691242806
622,234,0.00454969668689
571,222,0.00431637890807
532,218,0.00423860631513
556,208,0.00404417483279
563,205,0.00398584538809
518,202,0.00392751594338
529,201,0.00390807279515
790,201,0.00390807279515
521,200,0.00388862964691
810,193,0.00375252760927
744,191,0.0037136413128
544,186,0.00361642557163
650,183,0.00355809612692
542,183,0.00355809612692
652,173,0.00336366464458
577,173,0.00336366464458
640,172,0.00334422149634
538,170,0.00330533519988
561,170,0.00330533519988
500,167,0.00324700575517
789,165,0.0032081194587
555,159,0.0030914605693
866,155,0.00301368797636
693,149,0.00289702908695
686,147,0.00285814279048
557,147,0.00285814279048
541,145,0.00281925649401
564,140,0.00272204075284
669,140,0.00272204075284
658,136,0.0026442681599
752,135,0.00262482501167
679,133,0.0025859387152
625,132,0.00256649556696
881,130,0.00252760927049
546,126,0.00244983667755
671,123,0.00239150723285
547,121,0.00235262093638
678,118,0.00229429149168
757,116,0.00225540519521
637,114,0.00221651889874
675,112,0.00217763260227
588,110,0.0021387463058
573,109,0.00211930315757
716,108,0.00209986000933
619,108,0.00209986000933
513,107,0.0020804168611
648,100,0.00194431482346
604,100,0.00194431482346
543,100,0.00194431482346
801,100,0.00194431482346
691,94,0.00182765593405
574,94,0.00182765593405
811,92,0.00178876963758
682,90,0.00174988334111
855,89,0.00173044019288
523,89,0.00173044019288
551,89,0.00173044019288
722,87,0.00169155389641
575,87,0.00169155389641
718,86,0.00167211074817
519,84,0.0016332244517
725,84,0.0016332244517
570,82,0.00159433815523
507,81,0.001574895007
530,80,0.00155545185876
765,80,0.00155545185876
632,79,0.00153600871053
545,79,0.00153600871053
670,76,0.00147767926583
743,76,0.00147767926583
531,73,0.00141934982112
828,72,0.00139990667289
536,72,0.00139990667289
612,72,0.00139990667289
702,71,0.00138046352465
724,71,0.00138046352465
605,71,0.00138046352465
709,67,0.00130269093172
520,66,0.00128324778348
509,66,0.00128324778348
522,64,0.00124436148701
636,63,0.00122491833878
550,63,0.00122491833878
804,61,0.00118603204231
868,60,0.00116658889407
800,60,0.00116658889407
762,58,0.0011277025976
600,58,0.0011277025976
649,57,0.00110825944937
503,57,0.00110825944937
687,56,0.00108881630114
698,54,0.00104993000467
592,51,0.000991600559963
642,50,0.000972157411728
813,49,0.000952714263494
516,48,0.000933271115259
611,48,0.000933271115259
624,46,0.00089438481879
736,45,0.000874941670555
540,45,0.000874941670555
705,44,0.000855498522321
634,44,0.000855498522321
633,43,0.000836055374086
676,42,0.000816612225852
656,41,0.000797169077617
606,41,0.000797169077617
758,40,0.000777725929382
610,40,0.000777725929382
576,39,0.000758282781148
651,36,0.000699953336444
662,36,0.000699953336444
628,35,0.00068051018821
525,34,0.000661067039975
773,34,0.000661067039975
526,34,0.000661067039975
603,33,0.000641623891741
584,33,0.000641623891741
643,30,0.000583294447037
502,30,0.000583294447037
598,29,0.000563851298802
764,28,0.000544408150568
627,28,0.000544408150568
771,28,0.000544408150568
756,27,0.000524965002333
657,26,0.000505521854099
710,26,0.000505521854099
582,25,0.000486078705864
581,25,0.000486078705864
673,24,0.000466635557629
565,24,0.000466635557629
537,22,0.00042774926116
746,22,0.00042774926116
553,22,0.00042774926116
554,22,0.00042774926116
754,22,0.00042774926116
692,22,0.00042774926116
549,21,0.000408306112926
559,21,0.000408306112926
647,20,0.000388862964691
717,20,0.000388862964691
759,20,0.000388862964691
644,20,0.000388862964691
745,19,0.000369419816457
639,19,0.000369419816457
569,16,0.000311090371753
821,15,0.000291647223518
734,14,0.000272204075284
737,14,0.000272204075284
760,14,0.000272204075284
661,14,0.000272204075284
755,14,0.000272204075284
638,13,0.000252760927049
631,12,0.000233317778815
596,11,0.00021387463058
747,10,0.000194431482346
558,10,0.000194431482346
767,10,0.000194431482346
802,10,0.000194431482346
749,10,0.000194431482346
597,9,0.000174988334111
626,9,0.000174988334111
766,7,0.000136102037642
711,6,0.000116658889407
740,6,0.000116658889407
552,5,9.72157411728e-05
583,1,1.94431482346e-05
None,0,0.0
