2,13923,0.40071952799
3,10147,0.292042020435
1,4007,0.115325946179
4,3741,0.10767016837
5,1640,0.0472010361203
6,537,0.0154554612174
7,193,0.00555475608001
9,134,0.00385667002446
11,70,0.00201467837099
15,62,0.0017844294143
8,55,0.00158296157721
12,44,0.00126636926176
10,26,0.000748309109224
14,23,0.000661965750468
26,15,0.000431716793783
39,14,0.000402935674198
16,13,0.000374154554612
28,11,0.000316592315441
13,11,0.000316592315441
18,10,0.000287811195856
17,9,0.00025903007627
33,7,0.000201467837099
29,6,0.000172686717513
25,5,0.000143905597928
20,4,0.000115124478342
1000,4,0.000115124478342
38,3,8.63433587567e-05
52,3,8.63433587567e-05
75,3,8.63433587567e-05
23,3,8.63433587567e-05
41,2,5.75622391711e-05
22,2,5.75622391711e-05
32,2,5.75622391711e-05
36,2,5.75622391711e-05
62,2,5.75622391711e-05
65,2,5.75622391711e-05
34,1,2.87811195856e-05
40,1,2.87811195856e-05
49,1,2.87811195856e-05
50,1,2.87811195856e-05
35,1,2.87811195856e-05
48,1,2.87811195856e-05
60,1,2.87811195856e-05
19,1,2.87811195856e-05
27,1,2.87811195856e-05
30,1,2.87811195856e-05
None,0,0.0
