CA,5595,0.108780184314
TX,3353,0.0651903410196
NY,2838,0.0551775090407
FL,2720,0.0528833067621
IL,1755,0.0341213982968
PA,1726,0.0335575689233
OH,1683,0.032721546059
02,1670,0.0324687949605
NJ,1623,0.0315550025275
ZZ,1355,0.0263444414201
07,1306,0.0253917642027
NC,1228,0.0238752576117
GA,1219,0.023700276082
MI,1133,0.0220282303535
MA,1100,0.0213866314111
VA,1096,0.0213088618424
WA,1089,0.021172765097
AZ,1015,0.0197340280748
04,977,0.0189952171715
CO,872,0.0169537659914
MO,823,0.016001088774
MN,764,0.0148539876346
WI,744,0.0144651397908
MD,729,0.0141735039079
OR,729,0.0141735039079
TN,710,0.0138040984563
IN,700,0.0136096745344
LA,546,0.0106155461368
AL,538,0.0104600069993
SC,526,0.010226698293
CT,512,0.00995450480227
KY,507,0.00985729284131
08,498,0.00968231131158
ON,424,0.00824357428938
NV,418,0.00812691993623
UT,402,0.00781584166116
IA,369,0.00717424271882
KS,365,0.00709647315006
OK,353,0.00686316444375
05,318,0.00618268071704
DC,287,0.00557996655909
AR,279,0.00542442742155
NE,265,0.00515223393086
MS,225,0.00437453824319
NM,220,0.00427732628223
DE,215,0.00418011432127
ID,202,0.00392736322277
NH,202,0.00392736322277
BC,202,0.00392736322277
HI,192,0.00373293930085
ME,186,0.0036162849477
WV,174,0.0033829762414
AB,165,0.00320799471167
00,160,0.00311078275071
RI,140,0.00272193490687
MT,134,0.00260528055372
QC,131,0.00254695337714
01,110,0.00213866314111
ND,109,0.00211922074892
AK,106,0.00206089357235
SD,94,0.00182758486604
40,71,0.00138040984563
VT,70,0.00136096745344
E7,65,0.00126375549248
06,58,0.00112765874713
WY,55,0.00106933157056
D9,54,0.00104988917836
09,54,0.00104988917836
27,51,0.000991562001789
14,49,0.000952677217405
03,46,0.000894350040829
12,42,0.000816580472061
NS,37,0.000719368511102
15,37,0.000719368511102
MB,35,0.000680483726718
21,34,0.000661041334526
30,32,0.000622156550142
F2,30,0.000583271765758
18,25,0.000486059804798
SK,25,0.000486059804798
19,24,0.000466617412606
10,23,0.000447175020415
34,22,0.000427732628223
G2,22,0.000427732628223
11,21,0.000408290236031
20,21,0.000408290236031
25,19,0.000369405451647
13,18,0.000349963059455
22,18,0.000349963059455
NB,17,0.000330520667263
NL,16,0.000311078275071
26,15,0.000291635882879
E9,13,0.000252751098495
16,13,0.000252751098495
44,12,0.000233308706303
32,11,0.000213866314111
17,11,0.000213866314111
23,10,0.000194423921919
37,10,0.000194423921919
B7,10,0.000194423921919
29,10,0.000194423921919
AE,8,0.000155539137535
24,7,0.000136096745344
G1,6,0.000116654353152
31,6,0.000116654353152
F7,4,7.77695687677e-05
AP,3,5.83271765758e-05
PE,3,5.83271765758e-05
L7,3,5.83271765758e-05
33,3,5.83271765758e-05
47,3,5.83271765758e-05
28,3,5.83271765758e-05
F1,3,5.83271765758e-05
38,2,3.88847843839e-05
A1,2,3.88847843839e-05
50,2,3.88847843839e-05
51,2,3.88847843839e-05
B4,2,3.88847843839e-05
ERROR,2,3.88847843839e-05
F5,2,3.88847843839e-05
F9,2,3.88847843839e-05
A8,2,3.88847843839e-05
53,2,3.88847843839e-05
NT,2,3.88847843839e-05
K1,2,3.88847843839e-05
36,1,1.94423921919e-05
39,1,1.94423921919e-05
YT,1,1.94423921919e-05
42,1,1.94423921919e-05
46,1,1.94423921919e-05
48,1,1.94423921919e-05
H5,1,1.94423921919e-05
H9,1,1.94423921919e-05
68,1,1.94423921919e-05
C9,1,1.94423921919e-05
78,1,1.94423921919e-05
D6,1,1.94423921919e-05
E4,1,1.94423921919e-05
F4,1,1.94423921919e-05
F6,1,1.94423921919e-05
35,1,1.94423921919e-05
G3,1,1.94423921919e-05
A4,1,1.94423921919e-05
B2,1,1.94423921919e-05
59,1,1.94423921919e-05
60,1,1.94423921919e-05
69,1,1.94423921919e-05
71,1,1.94423921919e-05
D4,1,1.94423921919e-05
F3,1,1.94423921919e-05
F8,1,1.94423921919e-05
