25000,13368,0.266656028086
100000,7276,0.145136838746
35000,6021,0.120102928269
15000,4909,0.0979214872736
45000,4276,0.0852948216708
55000,2772,0.0552940237772
65000,2734,0.0545360248943
75000,2366,0.0471954041331
85000,1778,0.0354663687864
300000,1410,0.0281257480252
9500,666,0.0132849277906
500000,444,0.00885661852709
8500,387,0.00771962020266
6500,383,0.00763983084657
7500,364,0.00726083140509
5500,292,0.00582462299529
700000,251,0.00500678209527
4500,157,0.00313173222692
5000000,134,0.00267294342935
3500,65,0.00129657703662
900000,32,0.000638314848799
625,17,0.000339104763425
2500,14,0.00027926274635
1375,9,0.000179526051225
1625,6,0.00011968403415
875,1,1.9947339025e-05
None,0,0.0
