0,9277,0.180866411916
501,3322,0.0647664353115
803,2392,0.0466349528192
807,1637,0.0319153084302
602,1363,0.0265733447711
511,1245,0.0242727910785
504,1159,0.0225961163534
623,1104,0.0215238243781
506,1045,0.0203735475318
618,953,0.0185798955003
819,939,0.018306948452
524,912,0.0177805505732
753,824,0.0160648834126
539,714,0.0139202994619
505,682,0.0132964204944
534,668,0.0130234734462
751,665,0.012964984793
613,663,0.0129259923575
510,604,0.0117757155112
820,535,0.0104304764876
528,510,0.00994307104422
862,474,0.0092412072058
770,472,0.00920221477033
616,466,0.00908523746393
560,440,0.00857833580285
535,432,0.00842236606098
825,409,0.00797395305311
517,392,0.00764251735163
609,392,0.00764251735163
508,372,0.00725259299696
512,355,0.00692115729548
533,345,0.00672619511815
617,329,0.00641425563441
839,322,0.00627778211027
527,298,0.00580987288466
659,294,0.00573188801373
515,290,0.00565390314279
641,281,0.00547843718319
635,278,0.00541994852999
548,250,0.00487405443344
630,244,0.00475707712704
566,241,0.00469858847384
567,239,0.00465959603837
514,218,0.00425017546596
790,208,0.00405521328862
571,206,0.00401622085315
622,206,0.00401622085315
518,202,0.00393823598222
563,193,0.00376277002262
744,192,0.00374327380488
810,192,0.00374327380488
652,190,0.00370428136941
544,188,0.00366528893395
542,186,0.00362629649848
561,186,0.00362629649848
556,184,0.00358730406301
650,183,0.00356780784528
686,171,0.00333385323247
532,167,0.00325586836154
538,161,0.00313889105514
541,159,0.00309989861967
529,153,0.00298292131327
555,151,0.0029439288778
669,148,0.0028854402246
671,147,0.00286594400686
693,146,0.00284644778913
789,146,0.00284644778913
500,143,0.00278795913593
881,141,0.00274896670046
577,140,0.00272947048273
521,139,0.00270997426499
640,137,0.00267098182953
546,135,0.00263198939406
752,129,0.00251501208765
637,126,0.00245652343445
679,125,0.00243702721672
658,122,0.00237853856352
547,120,0.00233954612805
866,119,0.00232004991032
678,116,0.00226156125712
564,115,0.00224206503938
604,112,0.00218357638618
625,112,0.00218357638618
557,111,0.00216408016845
722,111,0.00216408016845
675,110,0.00214458395071
513,110,0.00214458395071
757,109,0.00212508773298
523,105,0.00204710286204
575,105,0.00204710286204
619,102,0.00198861420884
716,99,0.00193012555564
648,95,0.00185214068471
682,92,0.00179365203151
612,92,0.00179365203151
573,91,0.00177415581377
801,91,0.00177415581377
551,90,0.00175465959604
519,90,0.00175465959604
725,90,0.00175465959604
530,90,0.00175465959604
811,88,0.00171566716057
855,87,0.00169617094284
670,84,0.00163768228964
509,82,0.00159868985417
588,82,0.00159868985417
702,81,0.00157919363643
507,78,0.00152070498323
632,76,0.00148171254777
574,76,0.00148171254777
691,75,0.00146221633003
543,74,0.0014427201123
828,74,0.0014427201123
718,74,0.0014427201123
724,73,0.00142322389456
545,73,0.00142322389456
765,71,0.0013842314591
636,69,0.00134523902363
687,69,0.00134523902363
743,66,0.00128675037043
570,66,0.00128675037043
531,66,0.00128675037043
503,65,0.00126725415269
605,65,0.00126725415269
649,61,0.00118926928176
698,61,0.00118926928176
536,61,0.00118926928176
522,59,0.00115027684629
709,57,0.00111128441082
804,56,0.00109178819309
642,55,0.00107229197536
520,55,0.00107229197536
592,55,0.00107229197536
651,55,0.00107229197536
800,54,0.00105279575762
550,53,0.00103329953989
868,50,0.000974810886688
634,47,0.000916322233487
502,47,0.000916322233487
610,46,0.000896826015753
540,45,0.000877329798019
606,45,0.000877329798019
692,43,0.000838337362552
584,43,0.000838337362552
600,43,0.000838337362552
611,43,0.000838337362552
624,42,0.000818841144818
516,42,0.000818841144818
633,41,0.000799344927084
628,41,0.000799344927084
525,40,0.00077984870935
773,40,0.00077984870935
643,39,0.000760352491617
705,37,0.000721360056149
554,37,0.000721360056149
758,37,0.000721360056149
576,37,0.000721360056149
673,36,0.000701863838415
764,36,0.000701863838415
813,36,0.000701863838415
656,35,0.000682367620682
627,35,0.000682367620682
526,34,0.000662871402948
582,34,0.000662871402948
762,33,0.000643375185214
736,31,0.000604382749747
734,30,0.000584886532013
581,29,0.000565390314279
676,28,0.000545894096545
598,28,0.000545894096545
603,28,0.000545894096545
662,26,0.000506901661078
657,26,0.000506901661078
746,26,0.000506901661078
754,26,0.000506901661078
756,26,0.000506901661078
549,25,0.000487405443344
759,25,0.000487405443344
565,25,0.000487405443344
821,23,0.000448413007876
745,22,0.000428916790143
559,22,0.000428916790143
644,21,0.000409420572409
553,21,0.000409420572409
737,19,0.000370428136941
569,19,0.000370428136941
647,18,0.000350931919208
537,18,0.000350931919208
717,17,0.000331435701474
639,16,0.00031193948374
710,16,0.00031193948374
767,16,0.00031193948374
802,16,0.00031193948374
755,15,0.000292443266006
771,15,0.000292443266006
597,15,0.000292443266006
638,13,0.000253450830539
558,12,0.000233954612805
631,11,0.000214458395071
711,11,0.000214458395071
766,11,0.000214458395071
760,10,0.000194962177338
749,10,0.000194962177338
661,9,0.000175465959604
747,8,0.00015596974187
740,7,0.000136473524136
626,6,0.000116977306403
596,4,7.7984870935e-05
552,4,7.7984870935e-05
583,3,5.84886532013e-05
None,0,0.0
