2,14706,0.409341424038
3,10185,0.283499415465
1,4095,0.113984301063
4,3990,0.111061626677
5,1632,0.0454267104604
6,505,0.0140566720481
7,221,0.00615153370818
9,164,0.00456493904136
11,82,0.00228246952068
15,58,0.00161442966097
12,50,0.00139174970773
10,33,0.000918554807103
8,32,0.000890719812949
14,25,0.000695874853866
16,19,0.000528864888938
26,16,0.000445359906474
13,15,0.00041752491232
29,13,0.00036185492401
39,12,0.000334019929856
28,11,0.000306184935701
18,8,0.000222679953237
17,8,0.000222679953237
33,5,0.000139174970773
52,5,0.000139174970773
65,3,8.3504982464e-05
20,3,8.3504982464e-05
22,3,8.3504982464e-05
62,3,8.3504982464e-05
21,3,8.3504982464e-05
23,3,8.3504982464e-05
36,2,5.56699883093e-05
30,2,5.56699883093e-05
35,1,2.78349941547e-05
37,1,2.78349941547e-05
40,1,2.78349941547e-05
45,1,2.78349941547e-05
81,1,2.78349941547e-05
25,1,2.78349941547e-05
27,1,2.78349941547e-05
1000,1,2.78349941547e-05
38,1,2.78349941547e-05
41,1,2.78349941547e-05
44,1,2.78349941547e-05
134,1,2.78349941547e-05
19,1,2.78349941547e-05
31,1,2.78349941547e-05
None,0,0.0
