CA,5513,0.107480552902
TX,3357,0.065447526953
FL,2834,0.055251203868
NY,2797,0.0545298578753
02,1784,0.0347805743474
IL,1738,0.033883765816
OH,1696,0.0330649406352
PA,1640,0.0319731737274
NJ,1518,0.0295946815355
07,1264,0.0246427387753
GA,1240,0.0241748386719
NC,1239,0.0241553428343
WA,1199,0.0233755093288
MI,1183,0.0230635759265
ZZ,1172,0.0228491217125
VA,1080,0.0210555046498
04,1008,0.0196518043398
MA,1000,0.0194958376387
AZ,995,0.0193983584505
CO,871,0.0169808745833
MO,842,0.0164154952918
MD,779,0.0151872575205
WI,770,0.0150117949818
OR,762,0.0148558282807
MN,734,0.0143099448268
IN,657,0.0128087653286
TN,654,0.0127502778157
AL,528,0.0102938022732
LA,527,0.0102743064356
SC,506,0.00986489384516
08,503,0.00980640633225
CT,484,0.00943598541711
ON,471,0.00918253952781
UT,454,0.00885111028795
KY,437,0.0085196810481
NV,415,0.00809077262005
KS,413,0.00805178094477
IA,372,0.00725245160158
OK,367,0.00715497241339
NE,304,0.00592673464215
AR,284,0.00553681788938
05,277,0.00540034702591
DC,258,0.00502992611078
NM,228,0.00444505098162
MS,220,0.00428908428051
ID,207,0.0040356383912
BC,197,0.00384068001482
AB,196,0.00382118417718
NH,192,0.00374320082662
HI,192,0.00374320082662
WV,179,0.00348975493732
00,178,0.00347025909968
DE,172,0.00335328407385
QC,166,0.00323630904802
ME,157,0.00306084650927
01,124,0.00241748386719
ND,117,0.00228101300372
MT,116,0.00226151716609
SD,110,0.00214454214025
RI,102,0.00198857543914
AK,96,0.00187160041331
VT,79,0.00154017117345
27,79,0.00154017117345
WY,76,0.00148168366054
40,74,0.00144269198526
D9,62,0.0012087419336
06,61,0.00118924609596
E7,60,0.00116975025832
14,51,0.000994287719572
09,50,0.000974791881933
12,47,0.000916304369017
21,45,0.00087731269374
03,44,0.000857816856101
SK,42,0.000818825180824
MB,42,0.000818825180824
15,41,0.000799329343185
30,34,0.000662858479715
11,30,0.00058487512916
18,26,0.000506891778605
23,26,0.000506891778605
34,25,0.000487395940967
NS,25,0.000487395940967
19,25,0.000487395940967
G2,24,0.000467900103328
NB,24,0.000467900103328
26,24,0.000467900103328
25,20,0.000389916752773
22,19,0.000370420915135
NL,17,0.000331429239857
F2,17,0.000331429239857
20,16,0.000311933402219
10,16,0.000311933402219
13,15,0.00029243756458
E9,15,0.00029243756458
32,13,0.000253445889303
29,13,0.000253445889303
B7,10,0.000194958376387
44,9,0.000175462538748
16,9,0.000175462538748
AE,8,0.000155966701109
17,7,0.000136470863471
24,7,0.000136470863471
38,6,0.000116975025832
28,6,0.000116975025832
31,6,0.000116975025832
G1,4,7.79833505547e-05
53,4,7.79833505547e-05
81,4,7.79833505547e-05
L7,4,7.79833505547e-05
F9,4,7.79833505547e-05
C3,4,7.79833505547e-05
33,3,5.8487512916e-05
B4,3,5.8487512916e-05
F1,3,5.8487512916e-05
PE,3,5.8487512916e-05
F3,3,5.8487512916e-05
F5,3,5.8487512916e-05
35,2,3.89916752773e-05
YT,2,3.89916752773e-05
46,2,3.89916752773e-05
78,2,3.89916752773e-05
E8,2,3.89916752773e-05
37,2,3.89916752773e-05
AP,2,3.89916752773e-05
39,1,1.94958376387e-05
42,1,1.94958376387e-05
AA,1,1.94958376387e-05
H9,1,1.94958376387e-05
62,1,1.94958376387e-05
C9,1,1.94958376387e-05
71,1,1.94958376387e-05
D4,1,1.94958376387e-05
47,1,1.94958376387e-05
A7,1,1.94958376387e-05
NT,1,1.94958376387e-05
ERROR,1,1.94958376387e-05
70,1,1.94958376387e-05
D6,1,1.94958376387e-05
K1,1,1.94958376387e-05
L4,1,1.94958376387e-05
F7,1,1.94958376387e-05
