25000,11360,0.227550427659
100000,7379,0.147807623741
35000,6619,0.132584179637
15000,5192,0.104000160247
45000,4544,0.0910201710634
55000,2994,0.0599723574304
65000,2788,0.0558460028444
75000,2351,0.0470925224846
85000,1940,0.03885984416
300000,1514,0.0303267031228
9500,648,0.0129799891833
500000,589,0.0117981691805
8500,407,0.0081525549346
5500,352,0.00705085832182
6500,346,0.00693067323678
7500,285,0.00570879153897
4500,183,0.00366564509344
700000,181,0.00362558339843
5000000,122,0.00244376339563
3500,61,0.00122188169781
900000,34,0.000681048815175
625,13,0.000260401017567
1625,9,0.000180277627546
2500,9,0.000180277627546
1375,3,6.00925425155e-05
None,0,0.0
