0,244350,0.287066331296
501,54426,0.0639405449032
803,29309,0.0344326871453
504,23272,0.0273403219231
807,22063,0.0259199691728
511,20737,0.0243621629306
602,20209,0.0237418599925
506,18252,0.0214427447465
623,15371,0.0180580993589
819,13081,0.0153677703281
524,12525,0.0147145725373
618,10824,0.012716210231
505,10047,0.0118033780664
539,9651,0.0113381508628
753,9279,0.0109011192474
613,9113,0.010706099763
534,9110,0.0107025753145
510,8327,0.00978269425292
751,7991,0.00938795601958
528,7841,0.00921173359399
560,6718,0.00789241503436
508,6277,0.00737432110311
517,6206,0.00729090915499
820,6052,0.00710998746471
535,5973,0.00701717698723
512,5962,0.00700425400935
862,5756,0.0067622418782
770,5750,0.00675519298118
533,5671,0.0066623825037
616,5553,0.00652375419556
609,5395,0.0063381332406
825,5313,0.00624179831461
617,4893,0.00574837552294
515,4529,0.00532074243683
839,4483,0.00526670089298
527,4208,0.00494362644605
641,4202,0.00493657754903
659,4048,0.00475565585875
514,4033,0.00473803361619
566,3910,0.0045935312272
548,3849,0.00452186744079
544,3774,0.00443375622799
521,3674,0.00431627461093
635,3583,0.0042093663394
532,3473,0.00408013656063
567,3423,0.0040213957521
563,3336,0.00391918674525
556,3127,0.00367365016559
500,2975,0.00349507810765
571,2923,0.00343398766678
542,2828,0.00332238013057
518,2818,0.00331063196886
577,2775,0.00326011487353
529,2773,0.00325776524118
538,2768,0.00325189116033
561,2651,0.00311443766837
555,2582,0.00303337535259
622,2566,0.00301457829386
790,2552,0.00299813086747
630,2525,0.00296641083087
652,2371,0.00278548914059
650,2365,0.00277844024356
744,2176,0.00255639998731
669,2175,0.00255522517114
686,2087,0.00245184134813
640,2068,0.00242951984088
679,2039,0.00239545017193
658,2027,0.00238135237789
671,1998,0.00234728270894
541,1976,0.00232143675318
789,1967,0.00231086340765
557,1909,0.00224272406975
523,1844,0.00216636101866
547,1807,0.00212289282035
564,1773,0.00208294907054
513,1763,0.00207120090884
881,1737,0.0020406556884
752,1711,0.00201011046796
546,1662,0.0019525444756
866,1653,0.00194197113007
678,1648,0.00193609704921
693,1644,0.00193139778453
573,1628,0.0019126007258
625,1571,0.00184563620407
757,1553,0.001824489513
619,1504,0.00176692352064
637,1492,0.00175282572659
543,1484,0.00174342719723
588,1434,0.0016846863887
648,1426,0.00167528785933
716,1420,0.00166823896231
574,1418,0.00166588932997
810,1402,0.00164709227124
551,1339,0.00157307885249
507,1271,0.00149319135288
801,1271,0.00149319135288
682,1263,0.00148379282352
575,1257,0.00147674392649
722,1236,0.00145207278691
519,1224,0.00143797499286
545,1214,0.00142622683116
811,1196,0.00140508014009
702,1169,0.00137336010348
675,1136,0.00133459116985
725,1134,0.00133224153751
691,1122,0.00131814374346
670,1108,0.00130169631707
531,1089,0.00127937480983
724,1074,0.00126175256727
855,1058,0.00124295550854
612,1030,0.00121006065576
718,1010,0.00118656433235
530,1007,0.00118303988383
632,1004,0.00117951543532
570,982,0.00115366947957
536,957,0.0011242990753
509,947,0.0011125509136
649,940,0.0011043272004
636,926,0.00108787977401
520,912,0.00107143234762
765,888,0.00104323675953
828,879,0.00103266341399
800,840,0.000986845583337
502,839,0.000985670767167
503,837,0.000983321134825
516,830,0.000975097421631
605,826,0.000970398156948
743,811,0.000952775914389
642,799,0.000938678120341
610,796,0.000935153671829
522,783,0.000919881061611
687,780,0.000916356613099
550,780,0.000916356613099
709,773,0.000908132899904
705,772,0.000906958083734
604,751,0.00088228694415
540,739,0.000868189150103
804,736,0.000864664701591
592,717,0.000842343194349
698,701,0.000823546135618
611,693,0.000814147606253
624,692,0.000812972790083
576,691,0.000811797973912
868,689,0.000809448341571
600,634,0.000744833452186
526,612,0.000718987496431
813,606,0.000711938599408
584,584,0.000686092643654
762,578,0.00067904374663
537,571,0.000670820033435
525,565,0.000663771136411
676,561,0.000659071871729
656,552,0.000648498526193
633,534,0.000627351835122
634,533,0.000626177018951
628,502,0.000589757717661
764,478,0.000561562129566
692,476,0.000559212497224
758,459,0.000539240622324
581,447,0.000525142828276
651,443,0.000520443563593
756,441,0.000518093931252
606,428,0.000502821321034
627,426,0.000500471688693
736,424,0.000498122056351
549,419,0.000492247975498
746,418,0.000491073159327
565,417,0.000489898343157
569,406,0.00047697536528
603,403,0.000473450916768
553,399,0.000468751652085
598,397,0.000466402019744
662,386,0.000453479041867
773,374,0.000439381247819
673,364,0.000427633086113
582,357,0.000419409372918
554,346,0.000406486395041
657,344,0.0004041367627
559,343,0.000402961946529
759,325,0.000381815255458
643,308,0.000361843380557
644,301,0.000353619667363
754,298,0.000350095218851
737,297,0.00034892040268
771,297,0.00034892040268
717,286,0.000335997424803
767,273,0.000320724814585
597,273,0.000320724814585
821,267,0.000313675917561
802,215,0.000252585476688
760,214,0.000251410660517
639,213,0.000250235844346
558,207,0.000243186947322
755,202,0.000237312866469
710,193,0.000226739520933
638,182,0.000213816543056
734,176,0.000206767646033
749,176,0.000206767646033
596,159,0.000186795771132
631,158,0.000185620954961
661,135,0.000158600183036
626,124,0.000145677205159
745,121,0.000142152756647
711,115,0.000135103859624
647,114,0.000133929043453
766,113,0.000132754227282
740,86,0.000101034190675
552,81,9.51601098218e-05
747,79,9.28104774805e-05
583,39,4.58178306549e-05
798,8,9.39852936512e-06
None,0,0.0
