1,149295,0.175080506894
2,138845,0.162825633677
3,136203,0.159727320276
0,133286,0.156306510211
4,121746,0.14277337749
5,83147,0.0975077457835
6,53058,0.0622219199223
7,17633,0.0206784860717
8,9317,0.0109261869636
9,4493,0.00526900912607
10,2425,0.00284383421561
11,2065,0.00242165676504
12,636,0.00074584682933
13,328,0.00038465056607
14,44,5.15994661801e-05
15,44,5.15994661801e-05
16,25,2.93178785114e-05
18,19,2.22815876687e-05
17,15,1.75907271068e-05
20,12,1.40725816855e-05
22,12,1.40725816855e-05
19,12,1.40725816855e-05
21,8,9.38172112365e-06
25,7,8.20900598319e-06
27,5,5.86357570228e-06
30,5,5.86357570228e-06
24,5,5.86357570228e-06
29,4,4.69086056182e-06
23,3,3.51814542137e-06
33,2,2.34543028091e-06
38,2,2.34543028091e-06
31,2,2.34543028091e-06
37,2,2.34543028091e-06
131,2,2.34543028091e-06
35,1,1.17271514046e-06
36,1,1.17271514046e-06
40,1,1.17271514046e-06
50,1,1.17271514046e-06
56,1,1.17271514046e-06
64,1,1.17271514046e-06
78,1,1.17271514046e-06
92,1,1.17271514046e-06
34,1,1.17271514046e-06
51,1,1.17271514046e-06
52,1,1.17271514046e-06
2300,1,1.17271514046e-06
100,1,1.17271514046e-06
26,1,1.17271514046e-06
28,1,1.17271514046e-06
