2,243455,0.434136381469
3,146239,0.260777845144
1,79233,0.141290702236
4,49502,0.0882734762295
5,23239,0.0414404935982
6,6113,0.0109008880488
7,2979,0.00531224366062
8,1675,0.00298691108813
9,1428,0.00254645315453
14,1231,0.00219515674596
11,999,0.00178144726987
10,791,0.0014105353258
12,649,0.00115731659474
41,474,0.000845251257178
15,428,0.00076322265416
33,336,0.000599165448126
39,230,0.000410143015086
13,230,0.000410143015086
40,197,0.000351296408574
16,193,0.000344163486572
21,132,0.000235386426049
29,128,0.000228253504048
19,119,0.000212204429545
17,112,0.000199721816042
26,94,0.000167623667035
18,59,0.000105210599522
30,47,8.38118335176e-05
36,45,8.02453725169e-05
23,38,6.77627590142e-05
24,36,6.41962980135e-05
46,32,5.7063376012e-05
1000,32,5.7063376012e-05
20,25,4.45807625094e-05
28,25,4.45807625094e-05
22,24,4.2797532009e-05
65,23,4.10143015086e-05
25,22,3.92310710082e-05
60,20,3.56646100075e-05
27,15,2.67484575056e-05
32,11,1.96155355041e-05
37,11,1.96155355041e-05
51,10,1.78323050037e-05
38,10,1.78323050037e-05
42,10,1.78323050037e-05
35,9,1.60490745034e-05
136,8,1.4265844003e-05
34,8,1.4265844003e-05
43,8,1.4265844003e-05
57,7,1.24826135026e-05
31,6,1.06993830022e-05
55,4,7.1329220015e-06
134,4,7.1329220015e-06
66,3,5.34969150112e-06
45,3,5.34969150112e-06
48,2,3.56646100075e-06
61,2,3.56646100075e-06
94,2,3.56646100075e-06
75,2,3.56646100075e-06
44,1,1.78323050037e-06
68,1,1.78323050037e-06
86,1,1.78323050037e-06
102,1,1.78323050037e-06
117,1,1.78323050037e-06
49,1,1.78323050037e-06
54,1,1.78323050037e-06
59,1,1.78323050037e-06
133,1,1.78323050037e-06
64,1,1.78323050037e-06
76,1,1.78323050037e-06
None,0,0.0
