CA,69835,0.0818965618338
NY,48125,0.0564369161344
TX,42712,0.0500890090792
ZZ,41759,0.0489714115503
FL,39802,0.0466764080204
PA,27946,0.0327726973152
IL,24902,0.0292029524276
NJ,24726,0.0289965545629
OH,24288,0.0284829053314
VA,20547,0.024095777991
NC,18657,0.0218793463755
MI,18213,0.0213586608531
MA,18039,0.0211546084187
GA,17235,0.0202117454458
WA,16485,0.0193322090904
H9,16235,0.0190390303053
MD,12797,0.0150072356524
AZ,11569,0.0135671414599
WI,11566,0.0135636233145
CO,10846,0.0127192684134
MO,10730,0.0125832334571
MN,10510,0.0123252361262
IN,9685,0.0113577461353
TN,9426,0.0110540129139
07,8747,0.0102577393336
OR,8002,0.00938406655393
CT,7827,0.00917884140435
02,7772,0.00911434207162
SC,7051,0.00826881445536
LA,6846,0.00802840785156
KY,6586,0.00772350191504
ON,6495,0.00761678483726
AL,6165,0.00722978884091
DE,6124,0.00718170752015
NV,5762,0.00675718463931
UT,5736,0.00672669404566
04,5651,0.00662701325872
IA,5375,0.00630334387995
OK,5129,0.0060148559554
KS,4789,0.00561613280764
QC,3851,0.0045161260059
NE,3632,0.00425930139014
NH,3510,0.004116230143
ME,3462,0.00405993981626
00,3323,0.00389693241174
AR,3313,0.00388520526033
08,2963,0.00347475496117
05,2906,0.00340791019817
A7,2862,0.00335631073199
WV,2858,0.00335161987142
MS,2797,0.00328008424786
NM,2795,0.00327773881757
ID,2651,0.00310886783735
RI,2496,0.00292709699058
DC,2495,0.00292592427544
I2,2447,0.0028696339487
01,2367,0.00277581673746
HI,2179,0.00255534629105
N7,1988,0.00233135769923
L9,1958,0.00229617624501
V2,1955,0.00229265809959
H3,1953,0.00229031266931
G5,1813,0.00212613254965
F8,1810,0.00212261440423
AB,1782,0.00208977838029
B7,1777,0.00208391480459
H8,1748,0.00204990606552
F2,1747,0.00204873335038
E4,1740,0.00204052434439
H2,1739,0.00203935162925
J8,1713,0.0020088610356
A8,1690,0.00198188858737
06,1689,0.00198071587223
BC,1656,0.0019420162726
MT,1631,0.00191269839408
03,1535,0.0018001177406
09,1528,0.00179190873462
16,1520,0.00178252701349
11,1514,0.00177549072265
VT,1507,0.00176728171667
ND,1465,0.00171802768077
SD,1430,0.00167698265085
I9,1420,0.00166525549945
C3,1397,0.00163828305122
H4,1368,0.00160427431214
27,1351,0.00158433815476
K2,1332,0.00156205656709
26,1330,0.00155971113681
21,1306,0.00153156597344
E6,1242,0.00145651220445
U8,1232,0.00144478505304
J1,1228,0.00144009419248
B4,1184,0.0013884947263
17,1173,0.00137559485975
18,1146,0.00134393155096
15,1132,0.001327513539
M3,1125,0.00131930453301
B9,1115,0.00130757738161
P6,1114,0.00130640466647
40,1106,0.00129702294534
M4,1092,0.00128060493338
I7,1076,0.00126184149113
null,1035,0.00121376017037
12,1017,0.00119265129784
AK,1016,0.0011914785827
20,1013,0.00118796043728
B6,1006,0.0011797514313
14,1003,0.00117623328588
WY,965,0.00113167011054
H7,960,0.00112580653484
N5,951,0.00111525209857
B8,911,0.00106834349296
10,895,0.00104958005071
D4,889,0.00104254375987
13,871,0.00102143488734
N4,840,0.000985080717983
X5,828,0.000971008136298
I6,808,0.000947553833489
C5,804,0.000942862972927
R3,800,0.000938172112365
C8,798,0.000935826682084
Q3,787,0.000922926815539
19,773,0.000906508803573
K7,739,0.000866636488797
28,739,0.000866636488797
Q4,737,0.000864291058516
K4,710,0.000832627749724
D9,682,0.000799791725791
C7,672,0.000788064574386
N1,664,0.000778682853263
B2,664,0.000778682853263
NS,630,0.000738810538487
Z1,627,0.000735292393066
25,624,0.000731774247645
I3,605,0.000709492659976
G6,592,0.00069424736315
P3,592,0.00069424736315
P8,585,0.000686038357167
J9,581,0.000681347496605
V1,579,0.000679002066324
C6,571,0.0006696203452
30,561,0.000657893193796
23,553,0.000648511472672
Q5,545,0.000639129751549
E2,543,0.000636784321268
G8,543,0.000636784321268
K3,543,0.000636784321268
K6,539,0.000632093460706
29,538,0.000630920745565
T5,533,0.000625057169863
D8,530,0.000621539024442
A9,527,0.00061802087902
M1,524,0.000614502733599
N6,520,0.000609811873037
NB,519,0.000608639157897
A4,518,0.000607466442756
MB,516,0.000605121012475
G1,515,0.000603948297335
K8,513,0.000601602867054
A2,507,0.000594566576211
34,506,0.000593393861071
G7,503,0.000589875715649
C9,486,0.000569939558262
I1,484,0.000567594127981
P7,481,0.000564075982559
F9,479,0.000561730552278
A1,461,0.00054062167975
51,460,0.00053944896461
B5,460,0.00053944896461
D3,460,0.00053944896461
L3,446,0.000523030952643
H5,426,0.000499576649834
F4,426,0.000499576649834
B1,422,0.000494885789272
N2,412,0.000483158637868
D6,411,0.000481985922727
56,405,0.000474949631885
J7,400,0.000469086056182
D7,399,0.000467913341042
A3,391,0.000458531619918
M9,383,0.000449149898795
SK,379,0.000444459038233
P9,377,0.000442113607952
D2,377,0.000442113607952
O8,375,0.000439768177671
B3,371,0.000435077317109
K9,358,0.000419832020283
L7,346,0.000405759438598
22,344,0.000403414008317
I4,341,0.000399895862896
K1,333,0.000390514141772
X4,330,0.000386995996351
L1,329,0.00038582328121
A5,327,0.000383477850929
E5,325,0.000381132420648
U3,324,0.000379959705508
E7,318,0.000372923414665
F6,311,0.000364714408682
O7,306,0.00035885083298
A6,295,0.000345950966435
N8,287,0.000336569245311
N3,286,0.00033539653017
L2,286,0.00033539653017
D5,275,0.000322496663625
Y9,274,0.000321323948485
J5,274,0.000321323948485
P2,271,0.000317805803064
C1,270,0.000316633087923
NL,262,0.000307251366799
97,260,0.000304905936519
K5,253,0.000296696930535
Y4,241,0.00028262434885
Z4,238,0.000279106203429
O2,235,0.000275588058007
V8,233,0.000273242627726
J2,230,0.000269724482305
M7,226,0.000265033621743
42,223,0.000261515476322
L6,223,0.000261515476322
24,221,0.000259170046041
E3,214,0.000250961040058
Y6,214,0.000250961040058
AE,213,0.000249788324917
M5,211,0.000247442894636
U9,210,0.000246270179496
N9,203,0.000238061173513
32,201,0.000235715743232
60,200,0.000234543028091
J6,197,0.00023102488267
G2,195,0.000228679452389
J3,181,0.000212261440423
Z5,180,0.000211088725282
F7,179,0.000209916010142
C2,178,0.000208743295001
W1,176,0.00020639786472
O3,172,0.000201707004158
W9,172,0.000201707004158
M2,163,0.000191152567894
Y1,162,0.000189979852754
Q1,161,0.000188807137613
Z7,159,0.000186461707333
Y5,158,0.000185288992192
44,155,0.000181770846771
X7,155,0.000181770846771
P4,153,0.00017942541649
X3,153,0.00017942541649
W5,152,0.000178252701349
53,145,0.000170043695366
E9,145,0.000170043695366
D1,145,0.000170043695366
O1,142,0.000166525549945
59,140,0.000164180119664
O4,137,0.000160661974242
U4,136,0.000159489259102
31,134,0.000157143828821
78,133,0.000155971113681
W2,124,0.000145416677417
W6,121,0.000141898531995
38,117,0.000137207671433
E1,114,0.000133689526012
55,113,0.000132516810872
48,109,0.00012782595031
W4,108,0.000126653235169
S5,106,0.000124307804888
Z8,104,0.000121962374607
L5,101,0.000118444229186
PE,100,0.000117271514046
58,99,0.000116098798905
O6,99,0.000116098798905
J4,98,0.000114926083765
S6,98,0.000114926083765
35,97,0.000113753368624
99,97,0.000113753368624
W7,96,0.000112580653484
52,92,0.000107889792922
39,89,0.000104371647501
Z3,88,0.00010319893236
ERROR,88,0.00010319893236
X9,87,0.00010202621722
Y7,87,0.00010202621722
L8,87,0.00010202621722
Q2,85,9.96807869388e-05
V3,82,9.61626415174e-05
54,81,9.49899263769e-05
V7,80,9.38172112365e-05
Z6,78,9.14717809556e-05
G9,78,9.14717809556e-05
81,77,9.02990658151e-05
R8,74,8.67809203938e-05
98,72,8.44354901128e-05
68,71,8.32627749724e-05
Y8,70,8.20900598319e-05
S9,69,8.09173446915e-05
Y3,65,7.62264841296e-05
F5,65,7.62264841296e-05
37,64,7.50537689892e-05
57,60,7.03629084274e-05
V4,60,7.03629084274e-05
61,59,6.91901932869e-05
83,59,6.91901932869e-05
U2,58,6.80174781465e-05
33,58,6.80174781465e-05
73,56,6.56720478655e-05
T2,56,6.56720478655e-05
36,55,6.44993327251e-05
X6,53,6.21539024442e-05
T6,51,5.98084721633e-05
47,51,5.98084721633e-05
AP,50,5.86357570228e-05
V5,50,5.86357570228e-05
77,49,5.74630418823e-05
41,48,5.62903267419e-05
86,48,5.62903267419e-05
T1,48,5.62903267419e-05
X1,46,5.3944896461e-05
T7,46,5.3944896461e-05
66,45,5.27721813205e-05
50,44,5.15994661801e-05
Q6,44,5.15994661801e-05
X8,43,5.04267510396e-05
45,42,4.92540358992e-05
Z2,41,4.80813207587e-05
46,41,4.80813207587e-05
R6,40,4.69086056182e-05
T9,39,4.57358904778e-05
T8,38,4.45631753373e-05
Q9,38,4.45631753373e-05
72,37,4.33904601969e-05
80,37,4.33904601969e-05
82,36,4.22177450564e-05
Y2,36,4.22177450564e-05
85,36,4.22177450564e-05
S1,34,3.98723147755e-05
84,32,3.75268844946e-05
75,32,3.75268844946e-05
X2,31,3.63541693541e-05
V6,30,3.51814542137e-05
U6,29,3.40087390732e-05
62,28,3.28360239328e-05
65,27,3.16633087923e-05
R4,24,2.81451633709e-05
L4,24,2.81451633709e-05
O9,23,2.69724482305e-05
U1,23,2.69724482305e-05
P5,23,2.69724482305e-05
Q8,23,2.69724482305e-05
Q7,22,2.579973309e-05
R2,22,2.579973309e-05
49,20,2.34543028091e-05
S7,20,2.34543028091e-05
P1,20,2.34543028091e-05
74,19,2.22815876687e-05
76,18,2.11088725282e-05
87,18,2.11088725282e-05
43,18,2.11088725282e-05
F1,17,1.99361573878e-05
64,16,1.87634422473e-05
E8,16,1.87634422473e-05
I8,16,1.87634422473e-05
79,15,1.75907271068e-05
91,15,1.75907271068e-05
R7,14,1.64180119664e-05
71,14,1.64180119664e-05
88,13,1.52452968259e-05
63,13,1.52452968259e-05
M6,11,1.2899866545e-05
R9,11,1.2899866545e-05
NT,10,1.17271514046e-05
S2,9,1.05544362641e-05
70,9,1.05544362641e-05
F3,8,9.38172112365e-06
90,7,8.20900598319e-06
YT,6,7.03629084274e-06
67,5,5.86357570228e-06
T4,4,4.69086056182e-06
T3,4,4.69086056182e-06
89,4,4.69086056182e-06
G3,3,3.51814542137e-06
W8,3,3.51814542137e-06
S3,3,3.51814542137e-06
S4,3,3.51814542137e-06
V9,3,3.51814542137e-06
69,3,3.51814542137e-06
93,3,3.51814542137e-06
U5,2,2.34543028091e-06
H1,2,2.34543028091e-06
H6,2,2.34543028091e-06
O5,2,2.34543028091e-06
W3,2,2.34543028091e-06
C4,1,1.17271514046e-06
