25000,232908,0.283806063176
35000,113868,0.138751905481
100000,107755,0.131303013797
15000,101287,0.123421542931
45000,56241,0.0685315094333
55000,44082,0.0537153677715
65000,34646,0.0422172912257
75000,34127,0.041584872645
85000,24179,0.0294629072489
300000,20409,0.0248690381754
9500,9201,0.0112117213118
8500,9147,0.0111459205346
6500,7142,0.00870276204855
7500,6446,0.00785466314267
5500,6257,0.00762436042254
5000000,3427,0.00417591228513
500000,3404,0.00414788602818
4500,2226,0.00271245425932
700000,1545,0.0018826333471
3500,930,0.00113323560699
900000,670,0.0008164170502
2500,376,0.000458168374441
875,307,0.000374089603599
1375,42,5.11783822513e-05
625,29,3.53374544116e-05
1875,5,6.09266455373e-06
1125,2,2.43706582149e-06
1625,1,1.21853291075e-06
None,0,0.0
