0,262738,0.264293100604
501,62205,0.0625731805946
803,36433,0.0366486406013
807,29128,0.0293004035746
602,29044,0.0292159063932
504,26458,0.0266146003082
511,25173,0.0253219946163
506,20499,0.0206203300218
623,16790,0.0168893770948
524,16143,0.0162385476142
618,15871,0.0159649376934
819,13550,0.0136302000974
505,12098,0.0121696059615
539,11402,0.0114694864583
753,11201,0.0112672967742
613,10920,0.010984633584
534,10391,0.0104525025249
751,10282,0.0103428573728
510,10013,0.0100722652085
528,9680,0.0097372942393
560,8633,0.00868409722809
517,7675,0.00772042699242
770,7263,0.00730598843596
508,7130,0.00717220123205
616,7120,0.00716214204379
535,6994,0.00703539627166
609,6894,0.00693480438903
862,6862,0.00690261498658
512,6803,0.00684326577582
820,6770,0.00681007045455
617,6623,0.00666220038708
825,6389,0.00642681538171
533,6349,0.00638657862865
635,5608,0.00564119277831
515,5514,0.00554663640863
527,5486,0.00551847068149
839,5114,0.00514426887808
659,5113,0.00514326295925
641,4557,0.00458397209179
548,4394,0.00442000732309
566,4337,0.00436266994999
514,4331,0.00435663443703
567,4188,0.00421278804486
544,4057,0.0040810126786
532,3902,0.00392509526051
556,3830,0.00385266910501
521,3817,0.00383959216027
518,3735,0.00375710681651
563,3593,0.00361426634316
622,3588,0.00360923674903
630,3582,0.00360320123607
561,3420,0.0034402423862
650,3409,0.00342917727911
542,3331,0.00335071561065
571,3237,0.00325615924097
529,3172,0.00319077451726
538,3066,0.00308414712166
790,3047,0.00306503466396
500,2822,0.00283870292803
555,2788,0.00280450168793
577,2748,0.00276426493488
640,2747,0.00276325901605
652,2692,0.0027079334806
679,2688,0.00270390980529
744,2656,0.00267172040285
671,2607,0.00262243038036
686,2606,0.00262142446153
669,2595,0.00261035935444
541,2582,0.0025972824097
557,2489,0.00250373195885
658,2294,0.0023075777877
789,2229,0.00224219306399
678,2175,0.00218787344736
564,2174,0.00218686752854
693,2171,0.00218384977206
547,2150,0.0021627254767
637,2007,0.00201887908453
546,1987,0.00199876070801
866,1986,0.00199775478918
513,1957,0.00196858314321
625,1928,0.00193941149725
881,1896,0.00190722209481
752,1878,0.00188911555593
573,1876,0.00188710371828
716,1850,0.00186094982879
757,1829,0.00183982553344
648,1742,0.00175231059554
523,1717,0.00172716262488
575,1707,0.00171710343662
588,1612,0.00162154114812
543,1607,0.00161651155398
722,1572,0.00158130439506
507,1563,0.00157225112562
691,1546,0.00155515050557
619,1532,0.00154106764201
675,1486,0.00149479537599
724,1468,0.00147668883712
682,1464,0.00147266516181
551,1462,0.00147065332416
612,1409,0.00141733962636
519,1406,0.00141432186988
811,1385,0.00139319757453
545,1382,0.00139017981805
718,1376,0.00138414430509
725,1359,0.00136704368504
604,1356,0.00136402592856
574,1352,0.00136000225326
636,1326,0.00133384836377
530,1322,0.00132982468847
810,1290,0.00129763528602
632,1288,0.00129562344837
801,1262,0.00126946955888
670,1255,0.0012624281271
855,1254,0.00126142220827
702,1251,0.00125840445179
531,1197,0.00120408483517
570,1195,0.00120207299752
509,1186,0.00119301972808
649,1146,0.00115278297503
642,1114,0.00112059357258
800,1104,0.00111053438432
520,1102,0.00110852254666
536,1073,0.0010793509007
765,1072,0.00107834498187
503,1027,0.00103307863469
605,1014,0.00102000168994
828,1004,0.00100994250168
698,988,0.000993847800458
709,979,0.000984794531021
522,965,0.000970711667451
550,920,0.000925445320264
687,910,0.000915386132001
592,910,0.000915386132001
705,903,0.000908344700216
804,869,0.000874143460119
611,842,0.000846983651807
868,841,0.000845977732981
502,835,0.000839942220023
610,828,0.000832900788238
516,822,0.00082686527528
540,797,0.00080171730462
743,786,0.00079065219753
634,760,0.000764498308045
600,745,0.000749409525649
628,740,0.000744379931517
624,740,0.000744379931517
584,734,0.000738344418559
526,702,0.000706155016115
576,695,0.00069911358433
633,688,0.000692072152546
762,683,0.000687042558414
651,669,0.000672959694844
525,668,0.000671953776018
692,661,0.000664912344233
676,642,0.000645799886532
813,641,0.000644793967706
656,609,0.000612604565262
581,577,0.000580415162818
582,563,0.000566332299249
758,561,0.000564320461596
764,556,0.000559290867464
627,539,0.000542190247416
598,521,0.000524083708541
537,516,0.000519054114409
746,506,0.000508994926145
673,497,0.000499941656708
569,488,0.000490888387271
549,485,0.000487870630792
565,484,0.000486864711965
606,483,0.000485858793139
773,474,0.000476805523701
603,460,0.000462722660132
756,459,0.000461716741306
657,446,0.000448639796563
736,444,0.00044662795891
553,440,0.000442604283605
559,439,0.000441598364778
662,432,0.000434556932994
554,431,0.000433551014167
759,426,0.000428521420035
644,423,0.000425503663556
643,382,0.000384260991675
771,363,0.000365148533974
717,340,0.000342012400967
754,339,0.000341006482141
767,331,0.00033295913153
737,326,0.000327929537398
821,318,0.000319882186787
597,297,0.000298757891433
755,282,0.000283669109038
760,277,0.000278639514906
734,261,0.000262544813684
639,252,0.000253491544246
710,249,0.000250473787767
558,241,0.000242426437156
749,222,0.000223313979455
802,210,0.000211242953539
638,191,0.000192130495838
647,190,0.000191124577011
631,184,0.000185089064053
661,183,0.000184083145227
745,167,0.000167988444005
711,157,0.000157929255741
596,155,0.000155917418088
766,142,0.000142840473345
626,122,0.000122722096818
747,117,0.000117692502686
740,98,9.85800449847e-05
552,79,7.94675872836e-05
583,67,6.73965613671e-05
798,8,8.047350611e-06
None,0,0.0
