3,168331,0.169088176856
1,168098,0.168854128789
2,165138,0.165880814286
0,143043,0.143686427824
4,138192,0.138813607334
5,104192,0.104660670482
6,62644,0.0629257816502
7,21986,0.022084896165
8,11153,0.0112031677853
9,5297,0.00532082666179
10,2923,0.00293614807106
11,2505,0.00251626784742
12,984,0.0009884261724
13,464,0.000466087138205
14,130,0.000130584758549
15,79,7.9355353272e-05
18,64,6.42878811317e-05
16,50,5.02249071341e-05
17,43,4.31934201354e-05
19,31,3.11394424232e-05
24,25,2.51124535671e-05
20,20,2.00899628537e-05
22,15,1.50674721402e-05
21,14,1.40629739976e-05
23,13,1.30584758549e-05
25,10,1.00449814268e-05
27,8,8.03598514146e-06
26,6,6.0269888561e-06
30,6,6.0269888561e-06
32,6,6.0269888561e-06
28,6,6.0269888561e-06
29,6,6.0269888561e-06
38,5,5.02249071341e-06
35,3,3.01349442805e-06
39,3,3.01349442805e-06
34,3,3.01349442805e-06
36,2,2.00899628537e-06
33,2,2.00899628537e-06
37,2,2.00899628537e-06
43,2,2.00899628537e-06
31,1,1.00449814268e-06
47,1,1.00449814268e-06
48,1,1.00449814268e-06
54,1,1.00449814268e-06
66,1,1.00449814268e-06
72,1,1.00449814268e-06
78,1,1.00449814268e-06
83,1,1.00449814268e-06
134,1,1.00449814268e-06
137,1,1.00449814268e-06
174,1,1.00449814268e-06
40,1,1.00449814268e-06
45,1,1.00449814268e-06
65,1,1.00449814268e-06
68,1,1.00449814268e-06
71,1,1.00449814268e-06
96,1,1.00449814268e-06
112,1,1.00449814268e-06
