2,298541,0.44158950389
3,176718,0.261393959116
1,89716,0.132704197852
4,62142,0.0919178771115
5,27473,0.0406369257167
6,7056,0.0104369434666
7,4021,0.00594769694997
8,1712,0.0025323196166
9,1701,0.0025160488714
11,1155,0.00170842824601
10,968,0.00143182557761
14,832,0.00123066000059
12,815,0.00120551430346
15,435,0.000643434014732
33,424,0.000627163269532
41,344,0.000508830577168
16,295,0.000436351803094
13,259,0.00038310209153
29,197,0.000291394254948
39,150,0.000221873798184
26,109,0.000161228293347
17,97,0.000143478389492
40,90,0.00013312427891
21,83,0.000122770168328
24,81,0.000119811851019
30,49,7.24787740733e-05
46,47,6.95204567642e-05
36,45,6.65621394551e-05
23,40,5.91663461823e-05
22,39,5.76871875277e-05
60,37,5.47288702186e-05
19,37,5.47288702186e-05
1000,34,5.02913942549e-05
18,34,5.02913942549e-05
20,31,4.58539182913e-05
51,27,3.9937283673e-05
25,26,3.84581250185e-05
37,23,3.40206490548e-05
28,23,3.40206490548e-05
32,15,2.21873798184e-05
65,15,2.21873798184e-05
42,13,1.92290625092e-05
66,13,1.92290625092e-05
31,9,1.3312427891e-05
34,8,1.18332692365e-05
38,8,1.18332692365e-05
43,8,1.18332692365e-05
27,8,1.18332692365e-05
136,7,1.03541105819e-05
57,6,8.87495192734e-06
52,6,8.87495192734e-06
61,5,7.39579327279e-06
35,5,7.39579327279e-06
64,4,5.91663461823e-06
86,3,4.43747596367e-06
48,3,4.43747596367e-06
134,3,4.43747596367e-06
45,2,2.95831730911e-06
74,2,2.95831730911e-06
102,2,2.95831730911e-06
47,2,2.95831730911e-06
75,2,2.95831730911e-06
117,1,1.47915865456e-06
55,1,1.47915865456e-06
56,1,1.47915865456e-06
112,1,1.47915865456e-06
85,1,1.47915865456e-06
None,0,0.0
