CA,87758,0.0881527480056
NY,55554,0.0558038898186
TX,54954,0.055201190933
ZZ,50764,0.0509923437152
FL,47168,0.0473801683941
IL,34793,0.0349495038784
PA,30661,0.0307989175528
OH,28878,0.0290078973644
NJ,26516,0.0266352727514
NC,23709,0.0238156464649
VA,23094,0.0231978801071
GA,22194,0.0222938317787
H9,21204,0.0212993786174
MI,21165,0.0212602031899
MA,20353,0.020444550698
WA,17244,0.0173215659724
MD,14755,0.0148213700953
WI,14360,0.0144245933289
AZ,13835,0.013897231804
MO,13709,0.013770665038
CO,13477,0.0135376214689
MN,12671,0.0127279959659
IN,12096,0.0121504095339
TN,12026,0.0120800946639
07,9405,0.00944730503193
LA,9210,0.00925142789411
CT,9153,0.00919417149998
OR,8713,0.0087521923172
SC,8518,0.00855631517937
AL,8312,0.00834938856198
KY,8038,0.00807415607089
02,7827,0.00786220696278
DE,7598,0.0076321768881
UT,7198,0.00723037763103
OK,6952,0.00698327108793
IA,6790,0.00682054238882
NV,6572,0.00660156179371
ON,6439,0.00646796354074
KS,6352,0.00638057220232
04,5506,0.00553076677361
DC,4727,0.00474826272046
NE,4260,0.00427916208783
AR,4242,0.00426108112126
MS,3603,0.00361920680809
NH,3591,0.00360715283037
WV,3453,0.00346853208668
NM,3368,0.00338314974456
QC,3273,0.003287722421
ME,3269,0.00328370442843
05,3179,0.00319329959559
ID,3119,0.00313302970703
00,3113,0.00312700271817
08,2801,0.00281359929765
RI,2708,0.00272018097039
I2,2675,0.00268703253168
HI,2665,0.00267698755025
A7,2583,0.00259461870255
01,2537,0.00254841178799
V2,2141,0.00215063052348
A8,2062,0.00207127517021
N7,2058,0.00206725717764
H3,2026,0.00203511323708
MT,1945,0.00195374888752
09,1903,0.00191155996553
L9,1891,0.00189950598781
ND,1882,0.00189046550453
F8,1865,0.0018733890361
06,1824,0.00183220461225
F2,1807,0.00181512814383
B7,1781,0.00178901119212
H2,1777,0.00178499319955
J8,1705,0.00171266933327
SD,1701,0.0017086513407
11,1695,0.00170262435185
E4,1694,0.0017016198537
G5,1691,0.00169860635928
H8,1662,0.00166947591314
AB,1650,0.00165742193543
BC,1622,0.00162929598743
27,1600,0.00160719702829
16,1575,0.00158208457473
26,1507,0.00151377870102
03,1501,0.00150775171217
U8,1422,0.0014283963589
I9,1380,0.0013862074369
C3,1361,0.00136712197219
K2,1361,0.00136712197219
VT,1360,0.00136611747405
15,1284,0.0012897756152
H4,1278,0.00128374862635
17,1244,0.0012495956895
21,1221,0.00122649223222
null,1198,0.00120338877493
40,1184,0.00118932580094
WY,1172,0.00117727182322
E6,1170,0.00117526282694
B4,1165,0.00117024033623
J1,1141,0.0011461323808
P6,1129,0.00113407840309
18,1128,0.00113307390495
B9,1095,0.00109992546624
AK,1075,0.00107983550338
14,1059,0.0010637635331
12,1054,0.00105874104239
I7,1033,0.00103764658139
M3,1025,0.00102961059625
M4,1019,0.00102358360739
R3,1008,0.00101253412782
13,983,0.000987421674257
20,947,0.000951259741121
H7,919,0.000923133793126
N5,914,0.000918111302412
B6,909,0.000913088811699
10,906,0.000910075317271
X5,878,0.000881949369276
D4,863,0.000866881897135
19,852,0.000855832417566
I6,841,0.000844782937996
C5,833,0.000836746952855
Q3,788,0.000791544536434
N4,780,0.000783508551293
Q4,774,0.000777481562437
B8,753,0.00075638710144
C7,733,0.000736297138587
D9,722,0.000725247659017
28,715,0.000718216172018
N1,709,0.000712189183162
K7,706,0.000709175688734
C8,686,0.00068908572588
P3,671,0.00067401825374
25,666,0.000668995763027
K4,664,0.000666986766741
29,646,0.000648905800173
T5,634,0.000636851822461
B2,620,0.000622788848463
G6,606,0.000608725874466
V1,600,0.00060269888561
23,589,0.00059164940604
J9,577,0.000579595428328
P8,575,0.000577586432043
C6,573,0.000575577435757
G8,568,0.000570554945044
Z1,564,0.000566536952473
I3,527,0.000529370521194
H5,524,0.000526357026766
Q5,518,0.00052033003791
E2,515,0.000517316543482
G1,514,0.000516312045339
D8,513,0.000515307547196
30,511,0.000513298550911
K3,511,0.000513298550911
34,508,0.000510285056483
C9,507,0.00050928055834
G7,491,0.000493208588057
MB,485,0.000487181599201
A2,485,0.000487181599201
A4,482,0.000484168104773
N2,479,0.000481154610345
K6,479,0.000481154610345
F9,468,0.000470105130776
P7,467,0.000469100632633
D3,467,0.000469100632633
NS,466,0.00046809613449
N6,457,0.000459055651206
L3,453,0.000455037658635
F4,450,0.000452024164207
M1,448,0.000450015167922
A9,447,0.000449010669779
M9,434,0.000435952193924
K8,429,0.000430929703211
56,425,0.00042691171064
I1,416,0.000417871227356
J7,410,0.0004118442385
B5,403,0.000404812751501
B1,397,0.000398785762645
A1,393,0.000394767770074
D2,393,0.000394767770074
D7,392,0.000393763271932
P9,389,0.000390749777504
K9,380,0.00038170929422
A3,379,0.000380704796077
D6,379,0.000380704796077
22,379,0.000380704796077
NB,367,0.000368650818365
K1,363,0.000364632825794
B3,360,0.000361619331366
A5,355,0.000356596840652
51,347,0.000348560855511
L1,340,0.000341529368512
O8,336,0.000337511375941
L7,336,0.000337511375941
E5,334,0.000335502379656
X4,330,0.000331484387085
SK,324,0.000325457398229
O7,297,0.000298335948377
I4,297,0.000298335948377
L2,289,0.000290299963235
N3,288,0.000289295465093
E7,288,0.000289295465093
A6,287,0.00028829096695
U3,286,0.000287286468807
F6,285,0.000286281970665
V8,281,0.000282263978094
Y9,270,0.000271214498524
P2,268,0.000269205502239
32,266,0.000267196505954
D5,263,0.000264183011526
J5,259,0.000260165018955
N8,255,0.000256147026384
K5,254,0.000255142528241
97,253,0.000254138030099
Z4,247,0.000248111041243
Y6,243,0.000244093048672
24,243,0.000244093048672
C1,242,0.000243088550529
Y4,234,0.000235052565388
N9,220,0.00022098959139
O2,220,0.00022098959139
J2,219,0.000219985093248
42,215,0.000215967100677
M5,215,0.000215967100677
U9,210,0.000210944609963
J6,208,0.000208935613678
J3,204,0.000204917621107
E3,204,0.000204917621107
NL,203,0.000203913122965
M2,196,0.000196881635966
M7,194,0.00019487263968
60,190,0.00019085464711
L6,188,0.000188845650824
W9,188,0.000188845650824
Z7,181,0.000181814163826
W1,181,0.000181814163826
Y1,179,0.00017980516754
Z5,170,0.000170764684256
C2,169,0.000169760186113
Q1,163,0.000163733197257
31,162,0.000162728699115
F7,161,0.000161724200972
G2,155,0.000155697212116
W5,155,0.000155697212116
E9,155,0.000155697212116
AE,153,0.00015368821583
X7,148,0.000148665725117
Y5,146,0.000146656728832
P4,145,0.000145652230689
E1,142,0.000142638736261
53,141,0.000141634238118
U4,138,0.00013862074369
O1,137,0.000137616245548
O3,133,0.000133598252977
W2,125,0.000125562267835
W6,124,0.000124557769693
58,122,0.000122548773407
78,122,0.000122548773407
D1,121,0.000121544275265
O4,119,0.000119535278979
Q2,113,0.000113508290123
44,111,0.000111499293838
38,110,0.000110494795695
V3,110,0.000110494795695
X3,110,0.000110494795695
O6,110,0.000110494795695
52,109,0.000109490297552
59,108,0.00010848579941
35,107,0.000107481301267
L5,106,0.000106476803124
Y7,104,0.000104467806839
S6,100,0.000100449814268
48,98,9.84408179829e-05
W7,98,9.84408179829e-05
Z8,98,9.84408179829e-05
X9,95,9.54273235549e-05
Z3,94,9.44228254122e-05
55,93,9.34183272695e-05
J4,91,9.14093309841e-05
81,91,9.14093309841e-05
F5,90,9.04048328415e-05
S5,90,9.04048328415e-05
R8,88,8.83958365561e-05
54,87,8.73913384134e-05
99,87,8.73913384134e-05
Y8,86,8.63868402707e-05
ERROR,85,8.5382342128e-05
W4,83,8.33733458427e-05
L8,80,8.03598514146e-05
Z6,79,7.9355353272e-05
37,77,7.73463569866e-05
T2,74,7.43328625585e-05
G9,72,7.23238662732e-05
39,70,7.03148699878e-05
V7,70,7.03148699878e-05
X6,69,6.93103718451e-05
83,68,6.83058737024e-05
T6,67,6.73013755598e-05
98,67,6.73013755598e-05
PE,65,6.52923792744e-05
V5,64,6.42878811317e-05
U2,63,6.3283382989e-05
Y3,62,6.22788848463e-05
V4,62,6.22788848463e-05
36,61,6.12743867037e-05
47,60,6.0269888561e-05
Z2,59,5.92653904183e-05
T1,58,5.82608922756e-05
45,58,5.82608922756e-05
X8,57,5.72563941329e-05
T7,54,5.42428997049e-05
T9,54,5.42428997049e-05
57,54,5.42428997049e-05
61,52,5.22339034195e-05
33,51,5.12294052768e-05
86,48,4.82159108488e-05
77,47,4.72114127061e-05
41,45,4.52024164207e-05
S9,45,4.52024164207e-05
AP,44,4.4197918278e-05
68,44,4.4197918278e-05
Q6,42,4.21889219927e-05
X1,42,4.21889219927e-05
50,39,3.91754275646e-05
84,39,3.91754275646e-05
R6,39,3.91754275646e-05
73,39,3.91754275646e-05
U6,37,3.71664312793e-05
72,36,3.61619331366e-05
T8,36,3.61619331366e-05
66,36,3.61619331366e-05
Q9,35,3.51574349939e-05
V6,34,3.41529368512e-05
O9,32,3.21439405659e-05
85,30,3.01349442805e-05
X2,29,2.91304461378e-05
80,29,2.91304461378e-05
L4,29,2.91304461378e-05
Y2,29,2.91304461378e-05
49,29,2.91304461378e-05
91,29,2.91304461378e-05
65,28,2.81259479951e-05
74,28,2.81259479951e-05
Q7,28,2.81259479951e-05
S1,28,2.81259479951e-05
U1,27,2.71214498524e-05
62,26,2.61169517098e-05
P5,25,2.51124535671e-05
R2,25,2.51124535671e-05
87,25,2.51124535671e-05
82,24,2.41079554244e-05
71,23,2.31034572817e-05
M6,22,2.2098959139e-05
46,22,2.2098959139e-05
R4,22,2.2098959139e-05
43,21,2.10944609963e-05
Q8,20,2.00899628537e-05
75,17,1.70764684256e-05
E8,17,1.70764684256e-05
S7,17,1.70764684256e-05
P1,16,1.60719702829e-05
R9,16,1.60719702829e-05
76,15,1.50674721402e-05
F1,15,1.50674721402e-05
NT,14,1.40629739976e-05
H1,12,1.20539777122e-05
I8,12,1.20539777122e-05
90,12,1.20539777122e-05
S2,12,1.20539777122e-05
T3,11,1.10494795695e-05
79,11,1.10494795695e-05
88,11,1.10494795695e-05
G3,11,1.10494795695e-05
63,11,1.10494795695e-05
R7,11,1.10494795695e-05
W8,9,9.04048328415e-06
70,8,8.03598514146e-06
YT,8,8.03598514146e-06
T4,7,7.03148699878e-06
64,7,7.03148699878e-06
F3,7,7.03148699878e-06
H6,6,6.0269888561e-06
NU,5,5.02249071341e-06
S3,5,5.02249071341e-06
W3,4,4.01799257073e-06
U5,3,3.01349442805e-06
93,3,3.01349442805e-06
M8,2,2.00899628537e-06
67,2,2.00899628537e-06
R1,2,2.00899628537e-06
S4,2,2.00899628537e-06
AA,1,1.00449814268e-06
69,1,1.00449814268e-06
NI,1,1.00449814268e-06
89,1,1.00449814268e-06
R5,1,1.00449814268e-06
