25000,255264,0.265636024201
100000,133690,0.139122164016
35000,129968,0.135248929709
15000,108831,0.113253079752
45000,76429,0.0795345042531
55000,57864,0.0602151611836
75000,43590,0.045361172335
65000,43266,0.0450240073927
85000,33638,0.035004797316
300000,24989,0.0260043664941
9500,10914,0.0113574635206
8500,10386,0.0108080095405
7500,6668,0.00693893776393
6500,6304,0.00656014752007
5500,5140,0.00534885124574
500000,4051,0.00421560241177
5000000,3400,0.00353815062948
4500,2487,0.00258805312221
700000,1626,0.00169206850692
3500,991,0.00103126684524
900000,637,0.000662882926758
2500,437,0.000454756419142
875,327,0.000340286839953
1375,36,3.7462771371e-05
1875,7,7.28442776657e-06
625,6,6.24379522849e-06
1625,4,4.16253015233e-06
1125,4,4.16253015233e-06
None,0,0.0
