0,184127,0.252475709118
501,48380,0.0663388574578
803,24925,0.0341772637895
504,19045,0.0261145833048
511,18627,0.0255414199642
602,18068,0.0247749168365
807,16161,0.0221600304956
506,14986,0.0205488656028
623,14022,0.0192270247886
524,11618,0.0159306499782
618,10572,0.0144963704226
753,9200,0.0126150783095
819,8861,0.0121502400978
505,8518,0.0116799170696
613,8406,0.0115263422032
539,8173,0.011206851633
534,8031,0.0110121406417
510,7741,0.0106144914341
751,7418,0.0101715924891
560,7328,0.0100481841143
528,6677,0.00915553020351
616,6125,0.00839862550495
512,5972,0.00818883126784
517,5903,0.00809421818052
535,5851,0.00802291556399
825,5848,0.0080188019515
609,5729,0.00785562865597
508,5678,0.00778569724361
533,5299,0.00726601086542
862,4894,0.00671067317897
770,4888,0.00670244595399
820,4867,0.00667365066654
515,4508,0.00618138837164
617,4490,0.00615670669669
527,4149,0.00568912607674
839,4091,0.00560959623522
635,3998,0.00548207424796
659,3842,0.00526816639837
641,3762,0.00515847006524
566,3697,0.00506934179458
548,3474,0.00476356326599
514,3290,0.0045112616998
544,3285,0.00450440567898
567,3240,0.0044427014916
521,3163,0.00433711877096
518,3119,0.00427678578774
532,2989,0.00409852924641
556,2967,0.0040683627548
650,2773,0.00380234914697
563,2693,0.00369265281385
529,2628,0.00360352454318
542,2601,0.00356650203075
577,2550,0.00349657061839
561,2529,0.00346777533094
790,2467,0.00338276067277
500,2444,0.00335122297699
571,2361,0.00323741303138
630,2257,0.00309480779831
538,2248,0.00308246696084
622,2226,0.00305230046923
555,2170,0.00297551303604
671,2152,0.00295083136108
640,2098,0.00287678633622
652,2087,0.00286170309042
744,1985,0.00272184026568
541,1976,0.00270949942821
679,1931,0.00264779524082
669,1842,0.00252575807022
658,1824,0.00250107639527
678,1822,0.00249833398694
686,1798,0.002465425087
789,1761,0.00241469053293
557,1726,0.00236669838719
547,1710,0.00234475912056
619,1659,0.0022748277082
693,1622,0.00222409315413
625,1594,0.00218569943753
546,1551,0.00212673765848
752,1550,0.00212536645431
564,1549,0.00212399525015
513,1522,0.00208697273772
573,1501,0.00205817745027
523,1490,0.00204309420447
637,1441,0.00197590520043
543,1432,0.00196356436295
648,1382,0.00189500415475
866,1360,0.00186483766314
881,1352,0.00185386802983
588,1344,0.00184289839651
574,1317,0.00180587588408
757,1305,0.00178942143412
507,1240,0.00170029316345
675,1196,0.00163996018023
551,1194,0.0016372177719
722,1185,0.00162487693443
682,1166,0.00159882405531
575,1150,0.00157688478868
519,1133,0.00155357431789
716,1127,0.00154534709291
670,1103,0.00151243819297
691,1090,0.00149461253884
545,1089,0.00149324133468
702,1088,0.00149187013051
811,1046,0.00143427955562
632,1035,0.00141919630982
612,1016,0.0013931434307
570,1007,0.00138080259322
855,1006,0.00137943138906
725,998,0.00136846175574
531,977,0.0013396664683
724,958,0.00131361358918
530,951,0.00130401516003
801,926,0.00126973505593
810,924,0.0012669926476
536,918,0.00125876542262
649,914,0.00125328060596
509,913,0.0012519094018
718,876,0.00120117484773
520,852,0.00116826594779
765,810,0.0011106753729
636,810,0.0011106753729
503,800,0.00109696333126
605,789,0.00108188008545
610,780,0.00106953924798
550,779,0.00106816804381
642,756,0.00103663034804
828,750,0.00102840312305
604,748,0.00102566071473
516,742,0.00101743348974
709,740,0.00101469108141
687,716,0.000981782181476
804,712,0.00097629736482
522,711,0.000974926160656
698,682,0.000935161239898
705,680,0.00093241883157
502,679,0.000931047627405
584,670,0.000918706789929
743,658,0.00090225233996
800,657,0.000900881135796
540,647,0.000887169094155
611,602,0.000825464906772
592,592,0.000811752865131
634,587,0.000804896844311
576,582,0.00079804082349
600,575,0.000788442394342
526,568,0.000778843965193
868,560,0.000767874331881
627,544,0.000745935065256
633,535,0.000733594227779
656,525,0.000719882186138
624,523,0.00071713977781
525,522,0.000715768573646
676,512,0.000702056532005
651,485,0.000665034019575
581,470,0.000644465957114
813,455,0.000623897894653
692,452,0.000619784282161
603,448,0.000614299465505
762,446,0.000611557057176
628,436,0.000597845015536
582,417,0.000571792136418
549,417,0.000571792136418
758,407,0.000558080094778
764,398,0.000545739257301
569,394,0.000540254440645
598,388,0.00053202721566
736,384,0.000526542399004
554,384,0.000526542399004
565,382,0.000523799990676
537,381,0.000522428786512
559,376,0.000515572765691
662,375,0.000514201561527
746,375,0.000514201561527
606,369,0.000505974336543
657,352,0.000482663865754
756,350,0.000479921457425
673,346,0.000474436640769
553,336,0.000460724599128
759,330,0.000452497374144
773,330,0.000452497374144
644,316,0.000433300515847
643,301,0.000412732453386
717,280,0.00038393716594
771,277,0.000379823553448
734,266,0.000364740307643
737,262,0.000359255490987
597,262,0.000359255490987
754,243,0.00033320261187
821,199,0.00027286962865
760,187,0.000256415178682
639,184,0.000252301566189
710,184,0.000252301566189
767,182,0.000249559157861
558,180,0.000246816749533
755,173,0.000237218320385
749,166,0.000227619891236
802,164,0.000224877482908
596,160,0.000219392666252
661,156,0.000213907849595
638,156,0.000213907849595
631,153,0.000209794237103
647,148,0.000202938216283
626,128,0.000175514133001
745,102,0.000139862824735
766,101,0.000138491620571
740,92,0.000126150783095
711,91,0.000124779578931
552,90,0.000123408374767
747,84,0.000115181149782
583,54,7.40450248599e-05
798,9,1.23408374767e-05
None,0,0.0
