3,128156,0.175447531118
2,122841,0.168171214536
1,113102,0.154838374048
4,104079,0.14248574855
0,96124,0.131595231446
5,76165,0.104271054087
6,49504,0.0677717358567
7,17791,0.0243561520812
8,9416,0.01289064853
9,4824,0.00660413004551
10,3184,0.00435894487249
11,2470,0.00338146791302
12,1276,0.00174686358583
13,508,0.000695459797495
14,178,0.000243684732193
15,140,0.000191662148916
16,115,0.000157436765181
18,89,0.000121842366097
17,65,8.8985997711e-05
19,47,6.43437214218e-05
24,47,6.43437214218e-05
20,41,5.61296293254e-05
22,35,4.7915537229e-05
21,31,4.24394758314e-05
23,23,3.14873530362e-05
26,15,2.0535230241e-05
32,14,1.91662148916e-05
40,14,1.91662148916e-05
25,13,1.77971995422e-05
27,13,1.77971995422e-05
48,11,1.50591688434e-05
29,9,1.23211381446e-05
31,9,1.23211381446e-05
28,9,1.23211381446e-05
30,9,1.23211381446e-05
37,8,1.09521227952e-05
35,6,8.2140920964e-06
38,6,8.2140920964e-06
33,6,8.2140920964e-06
36,5,6.845076747e-06
34,5,6.845076747e-06
44,4,5.4760613976e-06
46,4,5.4760613976e-06
50,3,4.1070460482e-06
39,2,2.7380306988e-06
47,2,2.7380306988e-06
60,2,2.7380306988e-06
64,2,2.7380306988e-06
86,2,2.7380306988e-06
41,2,2.7380306988e-06
63,2,2.7380306988e-06
53,1,1.3690153494e-06
59,1,1.3690153494e-06
74,1,1.3690153494e-06
76,1,1.3690153494e-06
85,1,1.3690153494e-06
90,1,1.3690153494e-06
104,1,1.3690153494e-06
122,1,1.3690153494e-06
181,1,1.3690153494e-06
604,1,1.3690153494e-06
217,1,1.3690153494e-06
45,1,1.3690153494e-06
49,1,1.3690153494e-06
54,1,1.3690153494e-06
61,1,1.3690153494e-06
69,1,1.3690153494e-06
91,1,1.3690153494e-06
99,1,1.3690153494e-06
103,1,1.3690153494e-06
107,1,1.3690153494e-06
109,1,1.3690153494e-06
512,1,1.3690153494e-06
117,1,1.3690153494e-06
151,1,1.3690153494e-06
