2,216628,0.435757246595
3,131094,0.263701647456
1,67744,0.136270190896
4,44772,0.0900609498522
5,20236,0.0407056504335
6,6609,0.0132943093356
7,2622,0.00527427433468
8,1168,0.00234948604993
9,877,0.00176412608372
14,814,0.00163739866836
11,726,0.0014603825961
10,659,0.00132560899563
12,572,0.00115060446966
41,392,0.000788526140044
33,304,0.000611510067789
29,232,0.000466678735944
15,183,0.000368112968439
16,164,0.000329893589202
13,140,0.000281616478587
26,130,0.000261501015831
17,128,0.00025747792328
39,111,0.000223281636594
40,95,0.000191096896184
19,75,0.000150865970672
21,68,0.000136785146742
36,62,0.000124715869089
60,33,6.63810270955e-05
1000,32,6.43694808199e-05
37,31,6.23579345443e-05
28,31,6.23579345443e-05
25,29,5.8334841993e-05
46,25,5.02886568906e-05
51,25,5.02886568906e-05
30,24,4.82771106149e-05
18,24,4.82771106149e-05
22,23,4.62655643393e-05
24,23,4.62655643393e-05
23,21,4.22424717881e-05
38,19,3.82193792368e-05
20,19,3.82193792368e-05
65,16,3.218474041e-05
34,14,2.81616478587e-05
32,13,2.61501015831e-05
66,11,2.21270090318e-05
27,10,2.01154627562e-05
31,10,2.01154627562e-05
35,9,1.81039164806e-05
134,9,1.81039164806e-05
136,9,1.81039164806e-05
42,8,1.6092370205e-05
64,7,1.40808239294e-05
52,7,1.40808239294e-05
43,5,1.00577313781e-05
45,5,1.00577313781e-05
47,4,8.04618510249e-06
102,4,8.04618510249e-06
61,4,8.04618510249e-06
48,3,6.03463882687e-06
44,3,6.03463882687e-06
62,3,6.03463882687e-06
86,2,4.02309255124e-06
108,1,2.01154627562e-06
72,1,2.01154627562e-06
78,1,2.01154627562e-06
91,1,2.01154627562e-06
55,1,2.01154627562e-06
73,1,2.01154627562e-06
74,1,2.01154627562e-06
85,1,2.01154627562e-06
93,1,2.01154627562e-06
96,1,2.01154627562e-06
None,0,0.0
