CA,58182,0.0796520510588
NY,41650,0.0570194893025
TX,40869,0.0559502883146
FL,34555,0.0473063253985
ZZ,28199,0.0386048638377
PA,25168,0.0344553783137
OH,23020,0.0315147333432
IL,22869,0.0313080120254
NJ,22366,0.0306193973047
NC,19175,0.0262508693247
VA,18062,0.0247271552409
GA,15876,0.0217344876871
MI,15426,0.0211184307798
MA,15041,0.0205913598703
MD,12741,0.0174426245667
H9,12049,0.0164952659449
WA,11516,0.0157655807637
MO,11478,0.0157135581804
AZ,11197,0.0153288648672
WI,10360,0.0141829990198
CO,9647,0.0132068910757
MN,9600,0.0131425473542
IN,9438,0.0129207668676
TN,8776,0.0120144787063
CT,7304,0.00999928811202
07,6803,0.00931341142197
SC,6727,0.00920936625541
KY,6439,0.00881508983479
02,6154,0.00842492046021
OR,6112,0.00836742181553
LA,5964,0.00816480754382
OK,5626,0.00770208035572
AL,5551,0.00759940420452
KS,5193,0.00710929670943
NV,5190,0.00710518966339
ON,5022,0.00687519508469
IA,4979,0.00681632742466
UT,4811,0.00658633284596
DE,4037,0.00552671496553
04,3929,0.00537886130779
AR,3409,0.0046669733261
NE,3271,0.00447804920789
NH,2898,0.00396740648256
ME,2775,0.00379901759459
NM,2688,0.00367991325919
WV,2686,0.00367717522849
MS,2576,0.00352658354005
05,2528,0.00346087080328
QC,2512,0.00343896655769
ID,2243,0.0030707014287
RI,2222,0.00304195210637
DC,2212,0.00302826195287
I2,2103,0.00287903927979
01,2092,0.00286398011095
A7,2085,0.0028543970035
08,2048,0.00280374343557
HI,1990,0.00272434054531
V2,1702,0.00233006412468
27,1637,0.00224107812697
06,1628,0.00222875698882
L9,1562,0.00213840197576
H3,1556,0.00213018788367
00,1518,0.00207816530039
BC,1467,0.00200834551757
H8,1452,0.00198781028733
AB,1433,0.00196179899569
09,1431,0.00195906096499
H2,1421,0.0019453708115
N7,1381,0.00189061019752
ND,1377,0.00188513413612
MT,1335,0.00182763549145
B7,1335,0.00182763549145
F8,1334,0.0018262664761
J8,1303,0.00178382700027
E4,1303,0.00178382700027
15,1297,0.00177561290817
F2,1296,0.00177424389282
21,1283,0.00175644669328
G5,1249,0.0017099001714
SD,1238,0.00169484100256
11,1233,0.00168799592581
16,1198,0.00164008038858
26,1119,0.00153192817598
VT,1102,0.00150865491504
I9,1097,0.00150180983829
18,1095,0.00149907180759
H4,1085,0.0014853816541
C3,1060,0.00145115627036
null,1052,0.00144020414757
A8,1040,0.00142377596338
U8,1016,0.00139091959499
17,1001,0.00137038436475
K2,946,0.00129508852053
03,941,0.00128824344379
E6,899,0.00123074479911
P6,877,0.00120062646142
20,876,0.00119925744607
M4,862,0.00118009123118
J1,855,0.00117050812374
AK,847,0.00115955600094
13,839,0.00114860387815
M3,837,0.00114586584745
WY,823,0.00112669963256
12,813,0.00111300947906
B4,810,0.00110890243301
I7,793,0.00108562917207
10,788,0.00107878409533
N4,767,0.00105003477299
H7,758,0.00103771363485
B9,757,0.0010363446195
14,754,0.00103223757345
B6,723,0.000989798097616
N5,675,0.000924085360845
D4,668,0.000914502253399
Q3,635,0.000869324746869
R3,630,0.000862479670122
X5,627,0.000858372624074
C5,624,0.000854265578026
I6,614,0.000840575424532
D9,606,0.000829623301736
Q4,604,0.000826885271038
19,590,0.000807719056146
28,575,0.000787183825905
C8,567,0.00077623170311
K7,561,0.000768017611013
B8,549,0.000751589426821
23,547,0.000748851396122
25,543,0.000743375334724
40,538,0.000736530257977
29,534,0.00073105419658
N1,530,0.000725578135182
K4,520,0.000711887981688
C7,515,0.000705042904941
T5,494,0.000676293582604
B2,488,0.000668079490507
V1,476,0.000651651306314
P3,465,0.000636592137471
I3,449,0.000614687891881
Z1,445,0.000609211830483
G6,443,0.000606473799784
D8,443,0.000606473799784
P8,424,0.000580462508146
C9,414,0.000566772354652
Q5,412,0.000564034323953
J9,409,0.000559927277905
NS,408,0.000558558262555
N2,401,0.000548975155109
E2,399,0.000546237124411
N6,398,0.000544868109061
C6,392,0.000536654016965
34,381,0.000521594848121
G8,377,0.000516118786724
K3,377,0.000516118786724
G7,373,0.000510642725326
K6,373,0.000510642725326
51,372,0.000509273709977
L3,371,0.000507904694627
G1,370,0.000506535679278
44,369,0.000505166663929
D3,365,0.000499690602531
M1,364,0.000498321587182
F9,361,0.000494214541133
D7,359,0.000491476510435
MB,358,0.000490107495085
H5,345,0.000472310295543
56,342,0.000468203249495
K8,339,0.000464096203447
A4,334,0.0004572511267
B1,325,0.000444929988555
D6,324,0.000443560973206
NB,322,0.000440822942507
A9,320,0.000438084911808
SK,310,0.000424394758314
P7,310,0.000424394758314
30,310,0.000424394758314
A2,303,0.000414811650868
A1,300,0.00041070460482
M9,287,0.000392907405278
F4,283,0.00038743134388
I1,280,0.000383324297832
P9,280,0.000383324297832
D2,279,0.000381955282483
L7,278,0.000380586267133
O8,274,0.000375110205736
B5,272,0.000372372175037
J7,268,0.000366896113639
A3,267,0.00036552709829
K9,264,0.000361420052242
22,259,0.000354574975495
K1,257,0.000351836944796
U3,255,0.000349098914097
I4,251,0.000343622852699
E5,251,0.000343622852699
L1,249,0.000340884822001
B3,241,0.000329932699205
L2,241,0.000329932699205
N3,234,0.00032034959176
N8,233,0.00031898057641
X4,233,0.00031898057641
J5,232,0.000317611561061
O7,224,0.000306659438266
24,224,0.000306659438266
Y9,218,0.000298445346169
A5,217,0.00029707633082
F6,215,0.000294338300121
42,213,0.000291600269422
60,210,0.000287493223374
Y6,206,0.000282017161976
V8,206,0.000282017161976
P2,204,0.000279279131278
D5,202,0.000276541100579
A6,194,0.000265588977784
K5,194,0.000265588977784
78,193,0.000264219962434
Z4,190,0.000260112916386
J2,182,0.000249160793591
O2,181,0.000247791778241
Y4,168,0.000229994578699
U9,167,0.00022862556335
E3,164,0.000224518517302
W1,163,0.000223149501952
J3,161,0.000220411471253
J6,159,0.000217673440555
NL,156,0.000213566394506
N9,155,0.000212197379157
W9,155,0.000212197379157
97,153,0.000209459348458
M7,150,0.00020535230241
C1,148,0.000202614271711
AE,143,0.000195769194964
C2,140,0.000191662148916
53,139,0.000190293133567
M5,137,0.000187555102868
L6,133,0.00018207904147
W5,130,0.000177971995422
M2,129,0.000176602980073
59,129,0.000176602980073
Y5,129,0.000176602980073
Z7,127,0.000173864949374
58,126,0.000172495934024
Z5,122,0.000167019872627
U4,121,0.000165650857277
P4,119,0.000162912826579
E7,119,0.000162912826579
32,118,0.000161543811229
Q1,118,0.000161543811229
E9,118,0.000161543811229
F7,118,0.000161543811229
48,117,0.00016017479588
31,115,0.000157436765181
O1,114,0.000156067749832
G2,109,0.000149222673085
Y1,109,0.000149222673085
83,109,0.000149222673085
35,108,0.000147853657735
E1,107,0.000146484642386
W2,103,0.000141008580988
O3,100,0.00013690153494
X3,100,0.00013690153494
D1,98,0.000134163504241
X7,96,0.000131425473542
O4,94,0.000128687442844
86,94,0.000128687442844
Z8,89,0.000121842366097
81,89,0.000121842366097
ERROR,88,0.000120473350747
Q2,87,0.000119104335398
52,85,0.000116366304699
S5,84,0.00011499728935
39,84,0.00011499728935
55,84,0.00011499728935
73,81,0.000110890243301
77,80,0.000109521227952
O6,79,0.000108152212603
V7,78,0.000106783197253
R8,76,0.000104045166554
F5,74,0.000101307135856
J4,73,9.99381205062e-05
W6,72,9.85691051568e-05
L8,72,9.85691051568e-05
W4,72,9.85691051568e-05
L5,72,9.85691051568e-05
80,68,9.30930437592e-05
S6,66,9.03550130604e-05
Y8,65,8.8985997711e-05
54,64,8.76169823616e-05
V4,62,8.48789516628e-05
V3,62,8.48789516628e-05
Z3,60,8.2140920964e-05
X9,60,8.2140920964e-05
Y7,60,8.2140920964e-05
38,59,8.07719056146e-05
S9,59,8.07719056146e-05
Z6,57,7.80338749158e-05
W7,57,7.80338749158e-05
PE,56,7.66648595664e-05
61,55,7.5295844217e-05
72,54,7.39268288676e-05
G9,54,7.39268288676e-05
82,53,7.25578135182e-05
84,50,6.845076747e-05
T6,50,6.845076747e-05
74,50,6.845076747e-05
T1,48,6.57127367712e-05
47,46,6.29747060724e-05
99,46,6.29747060724e-05
57,44,6.02366753736e-05
98,44,6.02366753736e-05
87,42,5.74986446748e-05
T2,41,5.61296293254e-05
Y3,40,5.4760613976e-05
50,39,5.33915986266e-05
X1,38,5.20225832772e-05
85,38,5.20225832772e-05
68,38,5.20225832772e-05
75,37,5.06535679278e-05
V6,36,4.92845525784e-05
Q6,35,4.7915537229e-05
66,34,4.65465218796e-05
Q7,34,4.65465218796e-05
Z2,34,4.65465218796e-05
45,33,4.51775065302e-05
AP,33,4.51775065302e-05
36,32,4.38084911808e-05
37,32,4.38084911808e-05
41,31,4.24394758314e-05
X8,30,4.1070460482e-05
33,30,4.1070460482e-05
T8,29,3.97014451326e-05
X6,29,3.97014451326e-05
R2,28,3.83324297832e-05
R6,28,3.83324297832e-05
T7,28,3.83324297832e-05
Q9,28,3.83324297832e-05
X2,27,3.69634144338e-05
65,26,3.55943990844e-05
Y2,26,3.55943990844e-05
U2,25,3.4225383735e-05
P5,25,3.4225383735e-05
46,24,3.28563683856e-05
U6,24,3.28563683856e-05
T9,24,3.28563683856e-05
R4,24,3.28563683856e-05
V5,23,3.14873530362e-05
49,22,3.01183376868e-05
43,22,3.01183376868e-05
L4,22,3.01183376868e-05
71,21,2.87493223374e-05
88,21,2.87493223374e-05
62,19,2.60112916386e-05
79,19,2.60112916386e-05
O9,17,2.32732609398e-05
P1,17,2.32732609398e-05
S1,17,2.32732609398e-05
76,17,2.32732609398e-05
U1,16,2.19042455904e-05
Q8,14,1.91662148916e-05
S7,13,1.77971995422e-05
64,12,1.64281841928e-05
R7,12,1.64281841928e-05
90,11,1.50591688434e-05
70,10,1.3690153494e-05
91,10,1.3690153494e-05
63,9,1.23211381446e-05
YT,9,1.23211381446e-05
I8,9,1.23211381446e-05
M6,8,1.09521227952e-05
T3,8,1.09521227952e-05
F1,8,1.09521227952e-05
67,7,9.5831074458e-06
69,7,9.5831074458e-06
H1,6,8.2140920964e-06
R9,6,8.2140920964e-06
S3,6,8.2140920964e-06
S2,5,6.845076747e-06
S4,4,5.4760613976e-06
W8,3,4.1070460482e-06
89,3,4.1070460482e-06
NU,2,2.7380306988e-06
H6,2,2.7380306988e-06
NT,2,2.7380306988e-06
E8,2,2.7380306988e-06
G3,1,1.3690153494e-06
T4,1,1.3690153494e-06
W3,1,1.3690153494e-06
92,1,1.3690153494e-06
F3,1,1.3690153494e-06
U,1,1.3690153494e-06
C4,1,1.3690153494e-06
