25000,181793,0.257726054159
35000,105538,0.149620130059
100000,98256,0.139296514043
15000,81805,0.115974101646
45000,48013,0.0680675330641
55000,42923,0.0608514927563
75000,29735,0.04215500168
65000,29553,0.041896982164
85000,24455,0.0346696003391
300000,21158,0.02999547757
8500,8082,0.0114577677342
9500,7546,0.010697886083
7500,5660,0.00802412340705
6500,5235,0.0074216053067
500000,4504,0.00638527417409
5500,3204,0.00454227763183
4500,2206,0.00312742336324
700000,1869,0.0026496619519
5000000,1677,0.00237746553951
900000,1083,0.00153535788866
3500,660,0.000935675167606
875,299,0.000423889204719
2500,86,0.000121921309718
1875,16,2.26830343662e-05
1125,5,7.08844823944e-06
450,4,5.67075859155e-06
1625,3,4.25306894367e-06
625,2,2.83537929578e-06
1375,2,2.83537929578e-06
250,1,1.41768964789e-06
None,0,0.0
