0,189275,0.264782864761
501,48667,0.0680818263338
803,23197,0.0324510268861
504,20743,0.0290180476224
602,17992,0.0251695855384
511,16900,0.023641951734
506,15605,0.0218303347225
807,14993,0.0209741883046
524,14709,0.020576891601
623,12676,0.0177328627326
618,10299,0.0144076012372
819,9274,0.0129736958806
505,8777,0.0122784266491
539,8487,0.0118727363531
753,8143,0.0113915037261
534,8101,0.0113327485797
510,7970,0.0111494884805
613,7956,0.0111299034317
751,6979,0.00976314681372
528,6270,0.00877130398654
560,6067,0.00848732077932
616,6034,0.00844115602149
508,5737,0.00802567320108
535,5675,0.00793893941365
517,5466,0.0076465626141
533,5463,0.00764236581793
512,5263,0.00736257940688
609,5137,0.00718631396792
862,4858,0.0067960119245
820,4677,0.00654280522249
825,4464,0.00624483269472
770,4410,0.00616929036374
515,4366,0.0061077373533
617,4082,0.00571044064961
527,3693,0.00516625608011
839,3649,0.00510470306968
659,3644,0.0050977084094
514,3569,0.00499278850526
635,3446,0.00482071986246
566,3341,0.00467383199665
548,3236,0.00452694413085
641,3229,0.00451715160646
544,3200,0.00447658257686
532,2993,0.00418700364142
563,2969,0.00415342927209
567,2902,0.00405970082439
521,2896,0.00405130723206
556,2764,0.00386664820076
518,2705,0.0037841112095
571,2573,0.00359945217821
529,2569,0.00359385644999
577,2500,0.00349733013817
500,2438,0.00341059635075
542,2419,0.0033840166417
538,2388,0.00334064974798
561,2351,0.00328888926194
630,2259,0.00316018751285
555,2160,0.00302169323938
650,2040,0.00285382139275
790,2037,0.00284962459658
640,1997,0.00279366731437
744,1969,0.00275449721682
622,1934,0.00270553459489
541,1931,0.00270133779872
652,1858,0.00259921575869
557,1800,0.00251807769948
679,1723,0.00241035993123
789,1722,0.00240896099917
658,1717,0.0024019663389
669,1717,0.0024019663389
564,1669,0.00233481760024
547,1652,0.0023110357553
686,1633,0.00228445604625
513,1559,0.00218093507416
671,1521,0.00212777565606
588,1495,0.00209140342263
693,1483,0.00207461623796
810,1469,0.00205503118919
523,1466,0.00205083439302
546,1459,0.00204104186864
678,1447,0.00202425468397
752,1439,0.00201306322753
573,1406,0.00196689846971
625,1391,0.00194591448888
543,1368,0.00191373905161
619,1335,0.00186757429378
881,1319,0.0018451913809
866,1294,0.00181021807952
637,1276,0.00178503730252
648,1265,0.00176964904992
551,1261,0.00176405332169
574,1219,0.00170529817537
757,1184,0.00165633555344
575,1175,0.00164374516494
507,1168,0.00163395264055
675,1124,0.00157239963012
691,1116,0.00156120817368
722,1102,0.00154162312491
545,1064,0.00148846370681
682,1063,0.00148706477475
702,1028,0.00143810215282
632,1024,0.0014325064246
811,989,0.00138354380266
725,989,0.00138354380266
519,959,0.001341575841
716,948,0.0013261875884
570,931,0.00130240574346
509,927,0.00129681001523
531,927,0.00129681001523
536,909,0.00127162923824
612,905,0.00126603351002
801,900,0.00125903884974
724,881,0.00123245914069
530,879,0.00122966127658
649,836,0.0011695071982
855,831,0.00116251253793
670,827,0.00115691680971
520,817,0.00114292748915
636,808,0.00113033710066
550,774,0.00108277341078
765,754,0.00105479476967
718,728,0.00101842253624
687,726,0.00101562467213
503,726,0.00101562467213
610,721,0.00100863001185
709,706,0.00098764603102
502,689,0.00096386418608
522,682,0.000954071661693
605,677,0.000947077001417
642,675,0.000944279137307
516,671,0.000938683409086
705,670,0.00093728447703
743,661,0.000924694088533
540,660,0.000923295156478
604,650,0.000909305835925
804,646,0.000903710107704
592,634,0.000886922923041
828,627,0.000877130398654
576,618,0.000864540010156
698,616,0.000861742146046
800,614,0.000858944281935
584,581,0.000812779524111
611,572,0.000800189135614
624,556,0.00077780622273
526,553,0.000773609426564
868,548,0.000766614766287
600,541,0.000756822241901
634,535,0.000748428649569
633,525,0.000734439329016
525,519,0.000726045736685
676,474,0.000663093794198
813,465,0.0006505034057
656,460,0.000643508745424
651,448,0.000626721560761
627,439,0.000614131172263
598,438,0.000612732240208
692,414,0.000579157870881
762,406,0.000567966414439
559,393,0.000549780297721
764,389,0.0005441845695
565,385,0.000538588841279
553,384,0.000537189909223
549,376,0.000525998452781
628,373,0.000521801656615
582,363,0.000507812336063
569,361,0.000505014471952
758,360,0.000503615539897
603,359,0.000502216607842
554,350,0.000489626219344
537,346,0.000484030491123
606,334,0.00046724330646
673,331,0.000463046510294
581,331,0.000463046510294
746,326,0.000456051850018
662,325,0.000454652917962
736,323,0.000451855053852
756,318,0.000444860393576
773,307,0.000429472140968
759,303,0.000423876412747
657,276,0.000386105247254
644,274,0.000383307383144
737,274,0.000383307383144
717,263,0.000367919130536
771,254,0.000355328742038
643,239,0.000334344761209
597,238,0.000332945829154
821,238,0.000332945829154
734,231,0.000323153304767
710,228,0.000318956508601
754,221,0.000309163984214
639,185,0.000258802430225
631,176,0.000246212041727
760,174,0.000243414177617
558,160,0.000223829128843
767,158,0.000221031264733
755,157,0.000219632332677
749,156,0.000218233400622
661,149,0.000208440876235
638,145,0.000202845148014
596,135,0.000188855827461
802,135,0.000188855827461
647,119,0.000166472914577
711,108,0.000151084661969
745,105,0.000146887865803
552,103,0.000144090001693
766,97,0.000135696409361
740,82,0.000114712428532
626,79,0.000110515632366
747,76,0.0001063188362
583,65,9.09305835925e-05
798,8,1.11914564422e-05
None,0,0.0
