3,120799,0.168969974011
1,117167,0.16388964267
2,112987,0.158042785566
0,105172,0.147111400812
4,99548,0.139244720344
5,72669,0.101647191131
6,48449,0.067768990396
7,17481,0.0244518921157
8,8989,0.0125735403139
9,4780,0.00668611888982
10,2827,0.00395432177856
11,2003,0.00280173559337
12,1004,0.00140436472079
13,579,0.000809887622847
14,88,0.000123091728516
15,66,9.23187963867e-05
16,47,6.57421731845e-05
18,46,6.43434035422e-05
17,33,4.61593981933e-05
19,21,2.93741624867e-05
25,17,2.37790839178e-05
24,16,2.23803142756e-05
20,15,2.09815446333e-05
22,13,1.81840053489e-05
21,12,1.67852357067e-05
23,12,1.67852357067e-05
28,10,1.39876964222e-05
27,10,1.39876964222e-05
30,5,6.99384821111e-06
34,5,6.99384821111e-06
36,4,5.59507856889e-06
33,4,5.59507856889e-06
26,4,5.59507856889e-06
31,3,4.19630892667e-06
45,3,4.19630892667e-06
39,2,2.79753928445e-06
49,2,2.79753928445e-06
35,2,2.79753928445e-06
47,2,2.79753928445e-06
41,1,1.39876964222e-06
43,1,1.39876964222e-06
50,1,1.39876964222e-06
55,1,1.39876964222e-06
65,1,1.39876964222e-06
75,1,1.39876964222e-06
83,1,1.39876964222e-06
91,1,1.39876964222e-06
95,1,1.39876964222e-06
125,1,1.39876964222e-06
212,1,1.39876964222e-06
42,1,1.39876964222e-06
52,1,1.39876964222e-06
57,1,1.39876964222e-06
63,1,1.39876964222e-06
68,1,1.39876964222e-06
202,1,1.39876964222e-06
29,1,1.39876964222e-06
