2,215598,0.458985751298
3,116489,0.247992983158
1,59820,0.127350567457
4,42050,0.0895200829418
5,20266,0.043144209296
6,5690,0.0121134190711
7,2552,0.00543294296474
9,1242,0.00264408901341
11,1130,0.00240565264505
12,957,0.00203735361178
8,666,0.00141784483328
15,583,0.00124114645315
10,479,0.00101974125396
14,357,0.000760015924143
26,326,0.000694020143615
13,225,0.000479001632863
39,152,0.000323592214201
16,139,0.000295916564302
28,104,0.00022140519919
17,89,0.000189471756999
33,74,0.000157538314808
23,48,0.000102187015011
24,46,9.79292227187e-05
29,45,9.58003265727e-05
52,42,8.94136381345e-05
18,40,8.51558458424e-05
41,39,8.30269496963e-05
62,39,8.30269496963e-05
1000,37,7.87691574042e-05
38,35,7.45113651121e-05
20,31,6.59957805278e-05
25,30,6.38668843818e-05
30,25,5.32224036515e-05
22,24,5.10935075054e-05
27,22,4.68357152133e-05
21,21,4.47068190672e-05
32,20,4.25779229212e-05
36,18,3.83201306291e-05
40,18,3.83201306291e-05
19,18,3.83201306291e-05
46,16,3.40623383369e-05
60,14,2.98045460448e-05
37,11,2.34178576067e-05
65,11,2.34178576067e-05
75,9,1.91600653145e-05
31,7,1.49022730224e-05
77,7,1.49022730224e-05
42,6,1.27733768764e-05
49,6,1.27733768764e-05
35,5,1.06444807303e-05
64,5,1.06444807303e-05
45,4,8.51558458424e-06
61,4,8.51558458424e-06
51,4,8.51558458424e-06
43,3,6.38668843818e-06
63,3,6.38668843818e-06
34,2,4.25779229212e-06
47,2,4.25779229212e-06
72,2,4.25779229212e-06
79,2,4.25779229212e-06
86,2,4.25779229212e-06
44,2,4.25779229212e-06
134,2,4.25779229212e-06
82,2,4.25779229212e-06
102,2,4.25779229212e-06
48,1,2.12889614606e-06
55,1,2.12889614606e-06
70,1,2.12889614606e-06
108,1,2.12889614606e-06
132,1,2.12889614606e-06
66,1,2.12889614606e-06
83,1,2.12889614606e-06
100,1,2.12889614606e-06
None,0,0.0
