CA,53727,0.0751516965677
NY,42013,0.0587665089787
TX,37638,0.052646891794
FL,34319,0.0480043753514
ZZ,27003,0.0377709766489
PA,24862,0.0347762108449
NJ,22911,0.032047211273
OH,22675,0.0317171016374
IL,22303,0.0311967593305
GA,18974,0.0265402551915
NC,16980,0.0237511085249
VA,16438,0.0229929753789
MI,16254,0.0227356017647
MA,15535,0.0217298863919
H9,12368,0.017299982935
WA,11883,0.0166215796585
MD,11331,0.015849458816
MO,10808,0.0151179022931
AZ,10117,0.0141513524704
WI,9692,0.0135568753724
CO,9153,0.0128029385353
MN,9098,0.0127260062049
IN,8845,0.0123721174855
TN,8685,0.0121483143427
07,7742,0.0108292745701
CT,7356,0.0102893494882
OR,6679,0.00934238244041
02,6473,0.00905423589411
KY,6246,0.00873671518532
SC,6095,0.00852550096935
AL,5386,0.00753377329301
DE,5293,0.00740368771628
LA,5162,0.00722044889315
ON,5046,0.00705819161466
NV,4712,0.00659100255415
IA,4601,0.00643573912387
04,4526,0.0063308314007
UT,4406,0.00616297904363
KS,4259,0.00595735990623
OK,4147,0.0058006977063
NE,2990,0.00418232123025
05,2942,0.00411518028742
NH,2941,0.00411378151778
AR,2907,0.00406622334994
WV,2759,0.00385920544289
ME,2726,0.0038130460447
08,2642,0.00369554939475
MS,2408,0.00336823729847
DC,2304,0.00322276525568
NM,2269,0.0031738083182
QC,2183,0.00305351412897
01,2152,0.00301015227006
A7,2070,0.0028954531594
ID,2043,0.00285768637906
I2,2037,0.00284929376121
RI,1973,0.00275977250411
HI,1969,0.00275417742554
00,1905,0.00266465616843
09,1743,0.00243805548639
V2,1574,0.00220166341686
06,1568,0.00219327079901
L9,1515,0.00211913600797
AB,1482,0.00207297660977
BC,1462,0.00204500121693
03,1443,0.00201842459373
16,1441,0.00201562705444
H3,1438,0.00201143074552
N7,1408,0.00196946765625
H8,1398,0.00195547995983
11,1381,0.00193170087591
B7,1379,0.00192890333663
F2,1377,0.00192610579734
E4,1366,0.00191071933128
ND,1340,0.00187435132058
26,1338,0.00187155378129
27,1334,0.00186595870273
H2,1313,0.00183658454024
G5,1287,0.00180021652954
J8,1271,0.00177783621527
F8,1253,0.00175265836171
SD,1225,0.00171349281172
17,1210,0.00169251126709
MT,1203,0.00168271987959
15,1198,0.00167572603138
18,1184,0.00165614325639
VT,1168,0.00163376294212
A8,1133,0.00158480600464
21,1075,0.00150367736539
I9,1039,0.00145332165827
U8,994,0.00139037702437
12,990,0.0013847819458
C3,987,0.00138058563687
K2,960,0.00134281885653
H4,959,0.00134142008689
20,934,0.00130645084584
14,921,0.00128826684049
B4,905,0.00126588652621
J1,899,0.00125749390836
M4,861,0.00120434066195
AK,843,0.00117916280839
P6,840,0.00117496649947
E6,836,0.0011693714209
13,827,0.00115678249412
I7,826,0.00115538372448
10,821,0.00114838987626
M3,786,0.00109943293879
B9,781,0.00109243909058
19,759,0.00106166615845
B6,751,0.00105047600131
40,748,0.00104627969238
N5,717,0.00100291783347
25,716,0.00100151906383
WY,698,0.000976341210271
28,694,0.000970746131703
H7,690,0.000965151053134
N4,652,0.000911997806729
I6,649,0.000907801497803
D9,645,0.000902206419234
B8,637,0.000891016262096
Q3,637,0.000891016262096
D4,635,0.000888218722811
R3,605,0.000846255633545
X5,593,0.000829470397838
C8,587,0.000821077779985
C5,578,0.000808488853205
Q4,556,0.000777715921076
34,551,0.000770722072865
N1,539,0.000753936837158
K7,532,0.000744145449662
C7,514,0.000718967596102
23,503,0.000703581130038
B2,487,0.000681200815762
K4,471,0.000658820501487
V1,458,0.000640636496138
G6,455,0.000636440187211
29,453,0.000633642647927
Z1,441,0.00061685741222
P3,437,0.000611262333651
P8,435,0.000608464794367
NS,433,0.000605667255082
30,432,0.00060426848544
T5,429,0.000600072176514
C6,426,0.000595875867587
I3,421,0.000588882019376
J9,420,0.000587483249734
G1,406,0.000567900474742
G8,398,0.000556710317605
M1,393,0.000549716469394
E2,392,0.000548317699751
K3,386,0.000539925081898
N2,385,0.000538526312256
K6,384,0.000537127542614
A9,383,0.000535728772971
Q5,382,0.000534330003329
D8,381,0.000532931233687
MB,378,0.00052873492476
A2,377,0.000527336155118
N6,376,0.000525937385476
D7,376,0.000525937385476
G7,371,0.000518943537265
NB,360,0.0005035570712
D3,359,0.000502158301558
A1,359,0.000502158301558
A4,358,0.000500759531916
L3,357,0.000499360762274
K8,356,0.000497961992631
22,353,0.000493765683705
F9,350,0.000489569374778
P7,350,0.000489569374778
C9,343,0.000479777987282
51,340,0.000475581678356
H5,327,0.000457397673007
B1,313,0.000437814898016
I1,313,0.000437814898016
L7,311,0.000435017358731
SK,309,0.000432219819447
56,306,0.00042802351052
F4,305,0.000426624740878
N3,297,0.00041543458374
D2,295,0.000412637044456
M9,292,0.000408440735529
B5,290,0.000405643196245
D6,289,0.000404244426602
A3,286,0.000400048117676
K9,278,0.000388857960538
J7,266,0.000372072724831
K1,259,0.000362281337336
O8,256,0.000358085028409
U3,248,0.000346894871271
X4,244,0.000341299792702
I4,242,0.000338502253418
P9,240,0.000335704714133
F6,240,0.000335704714133
L1,239,0.000334305944491
B3,234,0.00032731209628
78,234,0.00032731209628
A5,232,0.000324514556996
L2,231,0.000323115787353
E5,230,0.000321717017711
24,230,0.000321717017711
O7,227,0.000317520708785
J5,223,0.000311925630216
P2,215,0.000300735473078
N8,211,0.000295140394509
D5,203,0.000283950237371
A6,199,0.000278355158802
Y9,199,0.000278355158802
Y6,189,0.00026436746238
E7,188,0.000262968692738
97,185,0.000258772383811
M5,182,0.000254576074885
V8,180,0.0002517785356
C1,180,0.0002517785356
N9,179,0.000250379765958
L6,179,0.000250379765958
60,173,0.000241987148105
W9,168,0.000234993299893
J3,164,0.000229398221325
32,161,0.000225201912398
Y4,160,0.000223803142756
O2,160,0.000223803142756
48,159,0.000222404373113
Z4,157,0.000219606833829
E3,156,0.000218208064187
J2,155,0.000216809294545
NL,153,0.00021401175526
J6,153,0.00021401175526
U9,149,0.000208416676691
Z5,146,0.000204220367765
W1,144,0.00020142282848
K5,142,0.000198625289196
35,139,0.000194428980269
O1,137,0.000191631440985
W5,130,0.000181840053489
M7,129,0.000180441283847
E9,126,0.00017624497492
F7,125,0.000174846205278
Z7,124,0.000173447435636
C2,124,0.000173447435636
Q1,123,0.000172048665993
O3,123,0.000172048665993
AE,120,0.000167852357067
Y1,118,0.000165054817782
31,115,0.000160858508856
G2,114,0.000159459739213
U4,111,0.000155263430287
M2,111,0.000155263430287
D1,111,0.000155263430287
Y5,111,0.000155263430287
53,109,0.000152465891002
P4,109,0.000152465891002
58,106,0.000148269582076
X7,106,0.000148269582076
O4,105,0.000146870812433
W2,103,0.000144073273149
83,103,0.000144073273149
42,102,0.000142674503507
X3,102,0.000142674503507
52,95,0.000132883116011
L5,92,0.000128686807084
81,90,0.0001258892678
E1,90,0.0001258892678
44,88,0.000123091728516
99,88,0.000123091728516
77,86,0.000120294189231
F5,85,0.000118895419589
55,84,0.000117496649947
59,84,0.000117496649947
73,84,0.000117496649947
86,82,0.000114699110662
ERROR,80,0.000111901571378
W4,77,0.000107705262451
Z6,75,0.000104907723167
Q2,73,0.000102110183882
R8,73,0.000102110183882
O6,72,0.00010071141424
66,71,9.93126445978e-05
68,71,9.93126445978e-05
38,70,9.79138749556e-05
Z3,68,9.51163356711e-05
J4,68,9.51163356711e-05
W7,67,9.37175660289e-05
Y8,66,9.23187963867e-05
33,65,9.09200267445e-05
39,63,8.812248746e-05
V7,63,8.812248746e-05
Y7,63,8.812248746e-05
S6,63,8.812248746e-05
82,62,8.67237178178e-05
PE,60,8.39261785334e-05
S5,60,8.39261785334e-05
36,58,8.11286392489e-05
98,58,8.11286392489e-05
57,57,7.97298696067e-05
61,55,7.69323303222e-05
Z8,55,7.69323303222e-05
45,54,7.553356068e-05
X9,52,7.27360213956e-05
54,52,7.27360213956e-05
72,52,7.27360213956e-05
V3,51,7.13372517534e-05
47,50,6.99384821111e-05
W6,50,6.99384821111e-05
G9,49,6.85397124689e-05
85,49,6.85397124689e-05
Y3,49,6.85397124689e-05
S9,48,6.71409428267e-05
50,47,6.57421731845e-05
80,46,6.43434035422e-05
L8,46,6.43434035422e-05
T6,46,6.43434035422e-05
T2,45,6.29446339e-05
X6,44,6.15458642578e-05
41,44,6.15458642578e-05
75,41,5.73495553311e-05
T1,40,5.59507856889e-05
V4,38,5.31532464045e-05
X1,37,5.17544767622e-05
87,37,5.17544767622e-05
Z2,36,5.035570712e-05
71,35,4.89569374778e-05
65,34,4.75581678356e-05
76,34,4.75581678356e-05
37,33,4.61593981933e-05
84,33,4.61593981933e-05
V6,33,4.61593981933e-05
T7,32,4.47606285511e-05
V5,32,4.47606285511e-05
T8,31,4.33618589089e-05
74,31,4.33618589089e-05
Q6,30,4.19630892667e-05
Q7,30,4.19630892667e-05
R6,30,4.19630892667e-05
U2,30,4.19630892667e-05
79,29,4.05643196245e-05
Y2,28,3.91655499822e-05
AP,27,3.776678034e-05
S1,27,3.776678034e-05
X2,26,3.63680106978e-05
X8,26,3.63680106978e-05
Q9,26,3.63680106978e-05
U6,25,3.49692410556e-05
46,24,3.35704714133e-05
70,24,3.35704714133e-05
P5,24,3.35704714133e-05
Q8,23,3.21717017711e-05
90,23,3.21717017711e-05
T9,21,2.93741624867e-05
R2,20,2.79753928445e-05
U1,19,2.65766232022e-05
49,18,2.517785356e-05
S7,17,2.37790839178e-05
F1,16,2.23803142756e-05
88,15,2.09815446333e-05
91,15,2.09815446333e-05
43,13,1.81840053489e-05
O9,13,1.81840053489e-05
R4,13,1.81840053489e-05
L4,13,1.81840053489e-05
62,11,1.53864660644e-05
P1,11,1.53864660644e-05
63,10,1.39876964222e-05
67,10,1.39876964222e-05
I8,9,1.258892678e-05
M6,8,1.11901571378e-05
NT,8,1.11901571378e-05
89,7,9.79138749556e-06
H1,6,8.39261785334e-06
69,6,8.39261785334e-06
R7,6,8.39261785334e-06
R9,5,6.99384821111e-06
YT,5,6.99384821111e-06
64,5,6.99384821111e-06
W8,4,5.59507856889e-06
G3,4,5.59507856889e-06
T3,4,5.59507856889e-06
H6,4,5.59507856889e-06
U5,4,5.59507856889e-06
93,3,4.19630892667e-06
T4,3,4.19630892667e-06
S2,3,4.19630892667e-06
S4,3,4.19630892667e-06
W3,2,2.79753928445e-06
E8,2,2.79753928445e-06
F3,2,2.79753928445e-06
NU,2,2.79753928445e-06
O5,1,1.39876964222e-06
null,1,1.39876964222e-06
S3,1,1.39876964222e-06
M8,1,1.39876964222e-06
AA,1,1.39876964222e-06
