25000,201468,0.290715258698
35000,106785,0.154089130284
100000,91263,0.131691120449
15000,69311,0.100014718445
45000,49388,0.0712661325699
55000,39283,0.0566847713158
65000,31605,0.0456055341352
75000,27411,0.0395536559463
85000,19720,0.0284556599635
300000,18349,0.0264773278231
9500,6327,0.00912976473576
8500,5515,0.0079580610902
7500,5416,0.00781520559647
6500,5337,0.00770120979844
500000,4021,0.00580224182116
5500,3779,0.00545303950315
700000,1918,0.00276764481795
4500,1767,0.00254975411539
900000,1651,0.00238236788031
5000000,1002,0.00144587075474
3500,984,0.00141989702861
875,341,0.000492057811742
2500,325,0.00046897005518
1875,20,2.88596957034e-05
1375,11,1.58728326369e-05
1125,9,1.29868630665e-05
625,1,1.44298478517e-06
1625,1,1.44298478517e-06
None,0,0.0
