0,286535,0.266710663121
501,68454,0.0637179113661
803,38809,0.0361239434103
602,28494,0.0265226015494
807,28259,0.0263038603631
511,28034,0.0260944273123
504,27230,0.0253460532109
506,23321,0.0217075030089
623,21595,0.0201009188061
524,17136,0.0159504211466
618,16391,0.0152569650452
819,14382,0.0133869606052
505,12982,0.0120838216226
753,12436,0.0115755974194
539,12092,0.0112553975551
613,12019,0.0111874481653
751,11434,0.0106429222333
534,10970,0.010211024742
510,10789,0.0100425474878
528,9809,0.00913035019999
560,8933,0.00831495752232
517,8020,0.00746512474298
508,7910,0.00736273525149
609,7625,0.00709745338718
770,7621,0.00709373013295
617,7550,0.00702764237026
535,7476,0.0069587621669
512,7296,0.00679121572628
616,7063,0.00657433616704
862,6975,0.00649242457385
533,6944,0.00646356935352
825,6914,0.00643564494675
820,6883,0.00640678972642
515,6208,0.00577849057412
527,5803,0.00540151108273
659,5474,0.00509527342183
839,5298,0.00493145023545
635,5143,0.00478717413381
641,5024,0.00467640732029
566,4831,0.00449676030341
548,4805,0.00447255915087
514,4605,0.00428639643908
567,4410,0.00410488779508
544,4340,0.00403973084595
521,4277,0.00398108959174
532,4194,0.00390383206634
556,4105,0.00382098965959
563,4040,0.00376048677826
542,3659,0.00340584681229
518,3612,0.00336209857502
529,3596,0.00334720555807
622,3565,0.00331835033775
650,3453,0.00321409921914
538,3403,0.00316755854119
571,3321,0.00309123182936
561,3320,0.0030903010158
790,3307,0.00307820043953
500,3235,0.00301118186328
630,3207,0.00298511908363
555,3155,0.00293671677857
577,3127,0.00291065399891
652,3125,0.0029087923718
640,2993,0.00278592498201
669,2875,0.00267608898205
541,2752,0.0025615989143
671,2744,0.00255415240583
679,2680,0.00249458033805
744,2628,0.00244617803299
658,2592,0.00241266874486
789,2535,0.002359612372
693,2509,0.00233541121947
557,2502,0.00232889552456
678,2477,0.00230562518558
686,2414,0.00224698393137
546,2411,0.00224419149069
547,2407,0.00224046823645
513,2293,0.00213435549073
564,2248,0.00209246888058
573,2131,0.00198356369418
637,2128,0.0019807712535
881,2057,0.00191468349081
722,2050,0.0019081677959
619,2049,0.00190723698234
810,2034,0.00189327477896
716,2029,0.00188862071116
752,2024,0.00188396664337
523,2023,0.00188303582981
648,1991,0.00185324979592
866,1986,0.00184859572812
625,1962,0.00182625620271
757,1928,0.0017946085417
675,1927,0.00179367772814
588,1914,0.00178157715188
551,1858,0.00172945159258
574,1830,0.00170338881292
575,1793,0.00166894871124
507,1717,0.00159820688076
543,1707,0.00158889874517
612,1655,0.0015404964401
682,1650,0.00153584237231
725,1649,0.00153491155875
691,1634,0.00152094935537
519,1603,0.00149209413504
604,1595,0.00148464762657
632,1528,0.00142228311811
545,1513,0.00140832091473
811,1506,0.00140180521982
670,1494,0.00139063545711
718,1479,0.00137667325372
724,1474,0.00137201918593
530,1449,0.00134874884695
702,1438,0.00133850989781
855,1338,0.00124542854191
531,1332,0.00123984366055
570,1326,0.0012342587792
765,1296,0.00120633437243
636,1281,0.00119237216905
649,1272,0.00118399484702
509,1270,0.0011821332199
801,1210,0.00112628440636
520,1162,0.00108160535553
709,1158,0.00107788210129
536,1144,0.00106485071147
550,1118,0.00104064955893
687,1113,0.00103599549114
503,1108,0.00103134142334
698,1089,0.00101365596572
605,1082,0.00100714027081
522,1056,0.000982939118278
705,1049,0.000976423423365
642,1049,0.000976423423365
828,1049,0.000976423423365
592,1008,0.000938260067447
610,998,0.000928951931857
540,997,0.000928021118298
502,980,0.000912197287795
516,971,0.000903819965765
611,947,0.000881480440349
804,941,0.000875895558995
800,936,0.000871241491201
743,925,0.000861002542052
624,876,0.000815392677662
584,860,0.000800499660718
868,832,0.000774436881067
676,815,0.000758613050565
633,813,0.000756751423447
576,797,0.000741858406503
600,791,0.000736273525149
634,748,0.000696248542113
526,741,0.0006897328472
525,719,0.000669254948903
813,708,0.000659015999754
651,696,0.000647846237047
762,693,0.00064505379637
628,667,0.000620852643836
692,646,0.000601305559098
598,626,0.000582689287918
627,623,0.000579896847241
758,621,0.000578035220123
656,620,0.000577104406564
537,600,0.000558488135385
673,598,0.000556626508267
764,589,0.000548249186236
603,568,0.000528702101498
756,562,0.000523117220144
569,560,0.000521255593026
773,556,0.00051753233879
581,549,0.000511016643877
662,544,0.000506362576082
736,534,0.000497054440493
553,522,0.000485884677785
549,521,0.000484953864226
554,514,0.000478438169313
746,508,0.000472853287959
565,480,0.000446790508308
582,480,0.000446790508308
657,469,0.000436551559159
559,468,0.0004356207456
606,466,0.000433759118482
759,448,0.000417004474421
644,442,0.000411419593067
737,424,0.000394664949005
643,420,0.000390941694769
754,419,0.000390010881211
734,395,0.000367671355795
771,348,0.000323923118523
717,342,0.000318338237169
767,340,0.000316476610051
821,319,0.000296929525313
710,318,0.000295998711754
639,316,0.000294137084636
755,302,0.00028110569481
597,291,0.000270866745662
760,272,0.000253181288041
558,270,0.000251319660923
749,251,0.000233634203303
661,250,0.000232703389744
631,238,0.000221533627036
638,225,0.000209433050769
802,217,0.000201986542298
647,190,0.000176854576205
711,186,0.000173131321969
596,181,0.000168477254174
745,168,0.000156376677908
766,160,0.000148930169436
626,150,0.000139622033846
740,105,9.77354236924e-05
747,105,9.77354236924e-05
552,83,7.72575253949e-05
583,61,5.67796270975e-05
798,20,1.86162711795e-05
None,0,0.0
