2,186420,0.173177465563
3,173620,0.161286726591
1,172079,0.159855193094
0,162464,0.150923204406
4,156346,0.145239802762
5,113328,0.105277630176
6,65963,0.0612772511584
7,21545,0.0200145289967
8,11792,0.0109543432782
9,6052,0.00562209002033
10,2714,0.00252120824771
11,2494,0.00231683617163
12,812,0.000754318753553
13,413,0.000383662124652
15,72,6.6885406719e-05
14,62,5.75957668969e-05
16,49,4.55192351282e-05
18,29,2.6939955484e-05
17,19,1.7650315662e-05
20,17,1.57923876975e-05
19,13,1.20765317687e-05
21,10,9.28963982208e-06
25,10,9.28963982208e-06
24,8,7.43171185767e-06
26,6,5.57378389325e-06
23,5,4.64481991104e-06
22,4,3.71585592883e-06
40,3,2.78689194663e-06
32,3,2.78689194663e-06
27,3,2.78689194663e-06
29,3,2.78689194663e-06
53,2,1.85792796442e-06
113,2,1.85792796442e-06
33,2,1.85792796442e-06
76,2,1.85792796442e-06
30,2,1.85792796442e-06
431,1,9.28963982208e-07
1033,1,9.28963982208e-07
233,1,9.28963982208e-07
1233,1,9.28963982208e-07
36,1,9.28963982208e-07
44,1,9.28963982208e-07
46,1,9.28963982208e-07
448,1,9.28963982208e-07
654,1,9.28963982208e-07
58,1,9.28963982208e-07
258,1,9.28963982208e-07
62,1,9.28963982208e-07
664,1,9.28963982208e-07
271,1,9.28963982208e-07
73,1,9.28963982208e-07
85,1,9.28963982208e-07
895,1,9.28963982208e-07
1499,1,9.28963982208e-07
100,1,9.28963982208e-07
512,1,9.28963982208e-07
714,1,9.28963982208e-07
718,1,9.28963982208e-07
321,1,9.28963982208e-07
1522,1,9.28963982208e-07
128,1,9.28963982208e-07
1331,1,9.28963982208e-07
136,1,9.28963982208e-07
156,1,9.28963982208e-07
356,1,9.28963982208e-07
162,1,9.28963982208e-07
367,1,9.28963982208e-07
968,1,9.28963982208e-07
175,1,9.28963982208e-07
186,1,9.28963982208e-07
192,1,9.28963982208e-07
196,1,9.28963982208e-07
199,1,9.28963982208e-07
415,1,9.28963982208e-07
215,1,9.28963982208e-07
634,1,9.28963982208e-07
34,1,9.28963982208e-07
237,1,9.28963982208e-07
41,1,9.28963982208e-07
842,1,9.28963982208e-07
45,1,9.28963982208e-07
47,1,9.28963982208e-07
456,1,9.28963982208e-07
57,1,9.28963982208e-07
1259,1,9.28963982208e-07
61,1,9.28963982208e-07
261,1,9.28963982208e-07
66,1,9.28963982208e-07
1267,1,9.28963982208e-07
67,1,9.28963982208e-07
1268,1,9.28963982208e-07
68,1,9.28963982208e-07
268,1,9.28963982208e-07
70,1,9.28963982208e-07
483,1,9.28963982208e-07
1488,1,9.28963982208e-07
1098,1,9.28963982208e-07
103,1,9.28963982208e-07
104,1,9.28963982208e-07
906,1,9.28963982208e-07
110,1,9.28963982208e-07
315,1,9.28963982208e-07
719,1,9.28963982208e-07
320,1,9.28963982208e-07
920,1,9.28963982208e-07
323,1,9.28963982208e-07
723,1,9.28963982208e-07
125,1,9.28963982208e-07
732,1,9.28963982208e-07
1537,1,9.28963982208e-07
337,1,9.28963982208e-07
141,1,9.28963982208e-07
3541,1,9.28963982208e-07
751,1,9.28963982208e-07
557,1,9.28963982208e-07
763,1,9.28963982208e-07
366,1,9.28963982208e-07
1966,1,9.28963982208e-07
773,1,9.28963982208e-07
577,1,9.28963982208e-07
179,1,9.28963982208e-07
579,1,9.28963982208e-07
189,1,9.28963982208e-07
193,1,9.28963982208e-07
2993,1,9.28963982208e-07
195,1,9.28963982208e-07
198,1,9.28963982208e-07
802,1,9.28963982208e-07
1607,1,9.28963982208e-07
212,1,9.28963982208e-07
416,1,9.28963982208e-07
819,1,9.28963982208e-07
1620,1,9.28963982208e-07
823,1,9.28963982208e-07
1027,1,9.28963982208e-07
28,1,9.28963982208e-07
