2,309128,0.42578675952
3,187716,0.258556285261
1,103210,0.142159401446
4,72526,0.0998958700635
5,30004,0.0413269129055
6,7326,0.0100906867066
7,3724,0.0051293635402
8,1951,0.00268726860014
14,1827,0.00251647346615
9,1795,0.00247239730254
10,1335,0.00183880245063
11,1082,0.00149032528209
12,886,0.00122035877997
15,555,0.000764445962623
33,396,0.000545442524683
41,368,0.000506875881523
16,277,0.000381534291255
13,226,0.000311287905501
29,203,0.000279608162906
26,150,0.000206607016925
21,145,0.000199720116361
17,136,0.000187323695346
39,125,0.000172172514104
40,107,0.000147379672073
30,74,0.00010192612835
19,69,9.50392277856e-05
23,68,9.36618476728e-05
36,63,8.67749471086e-05
18,52,7.16237658674e-05
22,51,7.02463857546e-05
24,50,6.88690056417e-05
46,41,5.64725846262e-05
1000,33,4.54535437236e-05
65,32,4.40761636107e-05
20,29,3.99440232722e-05
28,28,3.85666431594e-05
25,24,3.3057122708e-05
60,22,3.03023624824e-05
37,19,2.61702221439e-05
31,18,2.4792842031e-05
34,16,2.20380818054e-05
38,16,2.20380818054e-05
51,13,1.79059414669e-05
35,12,1.6528561354e-05
42,11,1.51511812412e-05
43,9,1.23964210155e-05
32,8,1.10190409027e-05
27,8,1.10190409027e-05
102,7,9.64166078984e-06
136,5,6.88690056417e-06
66,5,6.88690056417e-06
134,5,6.88690056417e-06
75,3,4.1321403385e-06
44,3,4.1321403385e-06
64,3,4.1321403385e-06
61,2,2.75476022567e-06
117,2,2.75476022567e-06
45,2,2.75476022567e-06
57,2,2.75476022567e-06
90,2,2.75476022567e-06
49,1,1.37738011283e-06
50,1,1.37738011283e-06
79,1,1.37738011283e-06
84,1,1.37738011283e-06
86,1,1.37738011283e-06
47,1,1.37738011283e-06
123,1,1.37738011283e-06
55,1,1.37738011283e-06
74,1,1.37738011283e-06
77,1,1.37738011283e-06
83,1,1.37738011283e-06
None,0,0.0
