CA,90142,0.0837386712842
TX,61248,0.0568971859823
NY,60925,0.0565971306161
ZZ,56398,0.0523917106686
FL,49271,0.0457709843674
IL,35502,0.0329800792964
PA,35081,0.0325889854599
OH,31532,0.029292092287
NJ,29303,0.0272214315707
VA,25613,0.0237935544763
NC,24711,0.0229556289644
GA,23642,0.0219625664674
MI,23587,0.0219114734484
MA,23294,0.0216392870016
H9,21868,0.0203145843629
WA,18336,0.0170334835778
WI,16266,0.0151105281346
MD,15894,0.0147649535332
AZ,15373,0.0142809632985
MO,15076,0.0140050609958
CO,14997,0.0139316728412
MN,14171,0.0131643485919
TN,13019,0.0120941820844
IN,12825,0.0119139630718
07,11196,0.0104006807448
02,10458,0.00971510532594
CT,9981,0.00927198950642
LA,9505,0.00882980265089
OR,9500,0.00882515783098
SC,9390,0.00872297179294
KY,8778,0.00815444583583
AL,8034,0.00746329663306
UT,7597,0.00705733937284
OK,7201,0.00668946963588
IA,7188,0.00667739310411
04,7111,0.00660586287748
NV,6961,0.00646651828015
ON,6956,0.00646187346024
KS,6865,0.00637733773786
DE,5741,0.00533318222186
DC,5443,0.00505635095516
00,5330,0.00495137802517
NE,5174,0.00480645964395
AR,5019,0.0046624702267
05,4110,0.00381804196688
MS,4001,0.00371678489282
NH,3762,0.00349476250107
ME,3747,0.00348082804134
WV,3728,0.00346317772567
NM,3640,0.00338142889524
08,3577,0.00332290416436
QC,3331,0.00309437902474
ID,3287,0.00305350460952
RI,3050,0.00283334014574
01,2973,0.00276180991911
I2,2801,0.00260202811417
A7,2706,0.00251377653586
HI,2632,0.00244503320117
09,2399,0.00222858459332
MT,2185,0.00202978630113
N7,2172,0.00201770976936
V2,2116,0.00196568778635
A8,2074,0.0019266712991
SD,2030,0.00188579688388
ND,2024,0.00188022309999
F8,2024,0.00188022309999
L9,1997,0.00185514107247
11,1991,0.00184956728858
H3,1978,0.00183749075681
06,1966,0.00182634318902
03,1888,0.00175388399841
G5,1861,0.00172880197089
F2,1801,0.00167306413196
B7,1783,0.00165634278028
E4,1771,0.00164519521249
H2,1727,0.00160432079727
J8,1725,0.00160246286931
AB,1682,0.00156251741807
BC,1664,0.00154579606639
H8,1660,0.00154208021047
16,1657,0.00153929331852
VT,1642,0.00152535885879
27,1543,0.00143339142455
C3,1521,0.00141295421694
12,1500,0.00139344597331
17,1457,0.00135350052208
K2,1452,0.00134885570217
26,1397,0.00129776268315
I9,1387,0.00128847304332
40,1380,0.00128197029545
U8,1364,0.00126710687173
null,1364,0.00126710687173
15,1332,0.0012373800243
H4,1285,0.00119371871714
E6,1282,0.00119093182519
21,1273,0.00118257114935
14,1260,0.00117049461758
18,1251,0.00116213394174
B4,1246,0.00115748912183
WY,1235,0.00114727051803
J1,1230,0.00114262569812
AK,1204,0.00111847263458
B9,1199,0.00111382781467
P6,1147,0.00106552168759
20,1098,0.00102000245246
M4,1050,0.000975412181319
13,1047,0.000972625289372
N5,1011,0.000939182586013
I7,1011,0.000939182586013
10,968,0.000899237134778
R3,948,0.000880657855134
19,940,0.000873226143276
B6,937,0.000870439251329
H7,936,0.000869510287347
M3,934,0.000867652359383
D4,925,0.000859291683543
Q3,878,0.000815630376379
I6,831,0.000771969069215
X5,831,0.000771969069215
N4,801,0.000744100149749
K7,799,0.000742242221785
C5,786,0.000730165690016
B8,785,0.000729236726034
30,745,0.000692078166745
Q4,740,0.000687433346834
C8,724,0.000672569923119
C7,694,0.000644701003653
N1,688,0.000639127219759
28,686,0.000637269291795
D9,684,0.000635411363831
25,682,0.000633553435866
P3,664,0.000616832084186
V1,639,0.000593607984631
23,635,0.000589892128702
K4,630,0.000585247308791
G6,623,0.000578744560916
T5,609,0.000565739065165
J9,608,0.000564810101183
Z1,603,0.000560165281272
B2,603,0.000560165281272
29,597,0.000554591497378
G8,587,0.000545301857556
NS,585,0.000543443929592
I3,582,0.000540657037645
K3,576,0.000535083253752
P8,569,0.000528580505877
F9,540,0.000501640550393
G1,537,0.000498853658446
Q5,513,0.000476558522873
D8,512,0.000475629558891
D3,507,0.00047098473898
A2,504,0.000468197847033
K6,502,0.000466339919069
A9,497,0.000461695099158
K8,490,0.000455192351282
F4,489,0.0004542633873
E2,486,0.000451476495353
N2,485,0.000450547531371
M1,483,0.000448689603407
N6,480,0.00044590271146
C6,479,0.000444973747478
C9,475,0.000441257891549
H5,472,0.000438470999602
G7,462,0.00042918135978
34,462,0.00042918135978
P7,460,0.000427323431816
D7,458,0.000425465503851
MB,457,0.000424536539869
A4,456,0.000423607575887
M9,442,0.000410602080136
E7,442,0.000410602080136
B5,428,0.000397596584385
I1,428,0.000397596584385
NB,424,0.000393880728456
D6,421,0.00039109383651
A1,417,0.000387377980581
L3,413,0.000383662124652
B3,401,0.000372514556866
J7,400,0.000371585592883
B1,398,0.000369727664919
O8,392,0.000364153881026
P9,389,0.000361366989079
22,386,0.000358580097132
D2,385,0.00035765113315
K9,379,0.000352077349257
A3,378,0.000351148385275
SK,370,0.000343716673417
56,369,0.000342787709435
L1,355,0.000329782213684
F6,348,0.000323279465809
L7,346,0.000321421537844
51,338,0.000313989825986
I4,338,0.000313989825986
K1,332,0.000308416042093
A5,331,0.000307487078111
P2,322,0.000299126402271
U3,321,0.000298197438289
N8,310,0.000287978834485
X4,309,0.000287049870502
E5,308,0.00028612090652
D5,304,0.000282405050591
N3,295,0.000274044374752
J5,292,0.000271257482805
Y9,279,0.000259180951036
A6,278,0.000258251987054
L2,277,0.000257323023072
O7,265,0.000246175455285
C1,265,0.000246175455285
NL,247,0.000229454103605
J2,245,0.000227596175641
V8,242,0.000224809283694
97,240,0.00022295135573
Z4,233,0.000216448607855
Y6,233,0.000216448607855
L6,231,0.00021459067989
AE,229,0.000212732751926
24,229,0.000212732751926
G2,228,0.000211803787944
M5,225,0.000209016895997
32,222,0.00020623000405
N9,220,0.000204372076086
U9,218,0.000202514148121
O2,216,0.000200656220157
K5,214,0.000198798292193
60,213,0.00019786932821
J3,204,0.000189508652371
E3,200,0.000185792796442
Y4,200,0.000185792796442
M7,199,0.000184863832459
C2,185,0.000171858336709
E9,184,0.000170929372726
M2,183,0.000170000408744
J6,181,0.00016814248078
31,181,0.00016814248078
P4,175,0.000162568696886
Y1,171,0.000158852840958
W1,168,0.000156065949011
Z7,167,0.000155136985029
Q1,165,0.000153279057064
O3,165,0.000153279057064
W9,164,0.000152350093082
Z5,162,0.000150492165118
F7,161,0.000149563201136
X7,152,0.000141202525296
W5,149,0.000138415633349
Y5,145,0.00013469977742
42,134,0.000124481173616
U4,134,0.000124481173616
X3,133,0.000123552209634
L5,132,0.000122623245652
38,131,0.000121694281669
78,131,0.000121694281669
53,128,0.000118907389723
35,124,0.000115191533794
O1,123,0.000114262569812
W2,122,0.000113333605829
44,119,0.000110546713883
E1,119,0.000110546713883
V3,118,0.000109617749901
58,117,0.000108688785918
D1,117,0.000108688785918
ERROR,116,0.000107759821936
O4,115,0.000106830857954
55,111,0.000103115002025
59,110,0.000102186038043
48,106,9.84701821141e-05
52,105,9.75412181319e-05
W4,104,9.66122541497e-05
Q2,102,9.47543261853e-05
V7,100,9.28963982208e-05
O6,100,9.28963982208e-05
S6,99,9.19674342386e-05
Z8,98,9.10384702564e-05
F5,97,9.01095062742e-05
X9,96,8.9180542292e-05
R8,95,8.82515783098e-05
J4,93,8.63936503454e-05
PE,93,8.63936503454e-05
98,93,8.63936503454e-05
W6,91,8.4535722381e-05
S5,90,8.36067583988e-05
Z3,88,8.17488304343e-05
T6,87,8.08198664521e-05
33,86,7.98909024699e-05
Y8,84,7.80329745055e-05
Y7,81,7.52460825589e-05
99,81,7.52460825589e-05
68,81,7.52460825589e-05
81,80,7.43171185767e-05
37,74,6.87433346834e-05
X6,74,6.87433346834e-05
L8,73,6.78143707012e-05
83,73,6.78143707012e-05
W7,72,6.6885406719e-05
54,67,6.2240586808e-05
V4,65,6.03826588436e-05
Z6,63,5.85247308791e-05
36,62,5.75957668969e-05
S9,62,5.75957668969e-05
47,60,5.57378389325e-05
T1,59,5.48088749503e-05
X8,58,5.38799109681e-05
46,57,5.29509469859e-05
Y3,57,5.29509469859e-05
T2,56,5.20219830037e-05
39,55,5.10930190215e-05
57,54,5.01640550393e-05
Z2,53,4.9235091057e-05
T9,53,4.9235091057e-05
G9,52,4.83061270748e-05
86,49,4.55192351282e-05
61,48,4.4590271146e-05
V5,46,4.27323431816e-05
77,46,4.27323431816e-05
73,46,4.27323431816e-05
R6,46,4.27323431816e-05
T7,45,4.18033791994e-05
X1,43,3.9945451235e-05
AP,42,3.90164872528e-05
50,42,3.90164872528e-05
45,41,3.80875232705e-05
U2,41,3.80875232705e-05
Q6,40,3.71585592883e-05
T8,39,3.62295953061e-05
72,38,3.53006313239e-05
X2,38,3.53006313239e-05
Q9,36,3.34427033595e-05
L4,36,3.34427033595e-05
U6,35,3.25137393773e-05
V6,34,3.15847753951e-05
66,34,3.15847753951e-05
P5,30,2.78689194663e-05
82,30,2.78689194663e-05
41,30,2.78689194663e-05
O9,30,2.78689194663e-05
Q8,29,2.6939955484e-05
Q7,27,2.50820275196e-05
84,27,2.50820275196e-05
74,27,2.50820275196e-05
Y2,27,2.50820275196e-05
U1,26,2.41530635374e-05
P1,26,2.41530635374e-05
M6,24,2.2295135573e-05
87,24,2.2295135573e-05
F1,24,2.2295135573e-05
43,22,2.04372076086e-05
71,22,2.04372076086e-05
62,21,1.95082436264e-05
75,21,1.95082436264e-05
91,20,1.85792796442e-05
S7,20,1.85792796442e-05
80,19,1.7650315662e-05
49,18,1.67213516798e-05
85,18,1.67213516798e-05
88,18,1.67213516798e-05
65,18,1.67213516798e-05
S1,17,1.57923876975e-05
76,16,1.48634237153e-05
R2,15,1.39344597331e-05
R9,14,1.30054957509e-05
YT,13,1.20765317687e-05
E8,13,1.20765317687e-05
R7,13,1.20765317687e-05
R4,13,1.20765317687e-05
63,11,1.02186038043e-05
NT,11,1.02186038043e-05
W8,10,9.28963982208e-06
G3,10,9.28963982208e-06
T3,10,9.28963982208e-06
I8,9,8.36067583988e-06
H1,8,7.43171185767e-06
F3,8,7.43171185767e-06
79,7,6.50274787546e-06
89,7,6.50274787546e-06
S2,7,6.50274787546e-06
90,6,5.57378389325e-06
93,6,5.57378389325e-06
H6,6,5.57378389325e-06
70,6,5.57378389325e-06
AA,4,3.71585592883e-06
W3,4,3.71585592883e-06
T4,3,2.78689194663e-06
NU,3,2.78689194663e-06
67,3,2.78689194663e-06
69,3,2.78689194663e-06
R1,3,2.78689194663e-06
R5,3,2.78689194663e-06
G4,2,1.85792796442e-06
S3,2,1.85792796442e-06
U5,2,1.85792796442e-06
V9,1,9.28963982208e-07
64,1,9.28963982208e-07
S4,1,9.28963982208e-07
M8,1,9.28963982208e-07
O5,1,9.28963982208e-07
