25000,239393,0.230911839063
15000,170275,0.164242535899
100000,142276,0.137235478124
35000,139204,0.134272312244
45000,77043,0.0743135380606
55000,54263,0.0523405827367
65000,44168,0.0426032261083
75000,43725,0.0421759206118
85000,37073,0.0357595861599
300000,25724,0.0248126559593
7500,11482,0.0110752183068
9500,11257,0.0108581895558
8500,11131,0.0107366534552
5500,7979,0.00769632179673
6500,6583,0.00634977896827
500000,3771,0.00363740186683
4500,3131,0.00302007564175
5000000,2799,0.00269983766249
900000,1925,0.00185680153637
700000,1415,0.00136486970076
3500,1179,0.00113723065526
875,452,0.000435986646462
2500,413,0.000398368329621
625,35,3.3760027934e-05
1375,28,2.70080223472e-05
1875,5,4.82286113343e-06
None,0,0.0
