0,6637,0.174400882909
501,2635,0.0692400672693
803,1630,0.0428316165651
602,1171,0.0307704435569
807,1063,0.0279325204961
511,827,0.0217311330671
504,822,0.0215997477402
623,778,0.0204435568636
506,741,0.0194713054446
753,686,0.0180260668489
618,667,0.0175268026067
819,652,0.017132646626
505,580,0.0152406979189
524,538,0.014137061173
539,528,0.0138742905192
613,519,0.0136377969308
751,492,0.0129283161657
534,468,0.0122976665966
510,466,0.0122451124658
820,409,0.0107473197393
528,379,0.00995900777801
862,356,0.00935463527433
616,334,0.00877653983603
770,328,0.00861887744377
535,320,0.00840866092075
825,318,0.00835610678999
560,299,0.00785684254782
609,291,0.00764662602481
617,279,0.00733130124028
508,269,0.0070685305865
517,269,0.0070685305865
527,262,0.00688459112886
533,255,0.00670065167122
839,252,0.00662182047509
512,241,0.00633277275594
515,226,0.00593861677528
810,204,0.00536052133698
659,198,0.00520285894471
635,195,0.00512402774858
641,190,0.00499264242169
567,178,0.00467731763717
566,177,0.00465104057179
563,173,0.00454593231028
548,171,0.00449337817952
518,168,0.00441454698339
571,167,0.00438826991802
544,159,0.004178053395
622,158,0.00415177632962
532,157,0.00412549926424
514,153,0.00402039100273
630,153,0.00402039100273
521,147,0.00386272861047
542,146,0.00383645154509
652,143,0.00375762034896
790,140,0.00367878915283
529,139,0.00365251208745
538,138,0.00362623502207
669,136,0.00357368089132
650,133,0.00349484969519
881,128,0.0033634643683
577,128,0.0033634643683
556,127,0.00333718730292
789,127,0.00333718730292
500,123,0.00323207904141
513,121,0.00317952491066
686,121,0.00317952491066
679,119,0.0031269707799
658,118,0.00310069371453
547,116,0.00304813958377
561,115,0.00302186251839
744,114,0.00299558545302
555,110,0.00289047719151
693,110,0.00289047719151
640,108,0.00283792306075
557,106,0.00278536893
757,103,0.00270653773387
866,98,0.00257515240698
678,98,0.00257515240698
637,97,0.0025488753416
523,95,0.00249632121085
682,94,0.00247004414547
648,92,0.00241749001472
541,92,0.00241749001472
551,91,0.00239121294934
752,91,0.00239121294934
722,85,0.00223355055707
625,85,0.00223355055707
671,84,0.0022072734917
588,82,0.00215471936094
675,81,0.00212844229556
716,80,0.00210216523019
546,80,0.00210216523019
564,79,0.00207588816481
575,79,0.00207588816481
573,75,0.0019707799033
619,74,0.00194450283792
811,68,0.00178684044566
507,66,0.0017342863149
801,66,0.0017342863149
543,65,0.00170800924953
632,62,0.00162917805339
519,62,0.00162917805339
702,62,0.00162917805339
691,61,0.00160290098802
724,60,0.00157662392264
670,56,0.00147151566113
725,56,0.00147151566113
804,56,0.00147151566113
530,54,0.00141896153038
649,54,0.00141896153038
612,53,0.001392684465
509,53,0.001392684465
611,52,0.00136640739962
574,52,0.00136640739962
855,50,0.00131385326887
718,50,0.00131385326887
545,50,0.00131385326887
604,49,0.00128757620349
610,49,0.00128757620349
765,49,0.00128757620349
531,48,0.00126129913811
636,46,0.00120874500736
642,46,0.00120874500736
705,46,0.00120874500736
536,46,0.00120874500736
520,42,0.00110363674585
624,42,0.00110363674585
743,42,0.00110363674585
828,41,0.00107735968047
516,41,0.00107735968047
540,41,0.00107735968047
687,40,0.00105108261509
709,40,0.00105108261509
746,40,0.00105108261509
570,40,0.00105108261509
800,39,0.00102480554972
633,39,0.00102480554972
868,38,0.000998528484339
503,38,0.000998528484339
522,38,0.000998528484339
550,38,0.000998528484339
502,37,0.000972251418962
576,37,0.000972251418962
627,37,0.000972251418962
656,36,0.000945974353584
592,36,0.000945974353584
676,35,0.000919697288207
525,34,0.00089342022283
600,34,0.00089342022283
692,33,0.000867143157452
606,33,0.000867143157452
813,33,0.000867143157452
698,32,0.000840866092075
762,32,0.000840866092075
605,32,0.000840866092075
758,31,0.000814589026697
559,29,0.000762034895943
756,29,0.000762034895943
764,29,0.000762034895943
634,27,0.000709480765188
581,27,0.000709480765188
584,27,0.000709480765188
651,27,0.000709480765188
537,27,0.000709480765188
773,26,0.000683203699811
662,25,0.000656926634433
526,25,0.000656926634433
771,25,0.000656926634433
565,24,0.000630649569056
582,24,0.000630649569056
710,23,0.000604372503679
549,23,0.000604372503679
644,23,0.000604372503679
569,22,0.000578095438301
603,22,0.000578095438301
736,20,0.000525541307547
759,20,0.000525541307547
802,20,0.000525541307547
717,18,0.000472987176792
657,17,0.000446710111415
598,17,0.000446710111415
767,17,0.000446710111415
628,17,0.000446710111415
737,16,0.000420433046037
755,16,0.000420433046037
821,15,0.00039415598066
554,14,0.000367878915283
558,14,0.000367878915283
745,13,0.000341601849905
643,13,0.000341601849905
597,13,0.000341601849905
734,12,0.000315324784528
673,12,0.000315324784528
661,11,0.000289047719151
760,10,0.000262770653773
553,9,0.000236493588396
596,9,0.000236493588396
638,8,0.000210216523019
647,8,0.000210216523019
749,8,0.000210216523019
754,8,0.000210216523019
766,8,0.000210216523019
639,7,0.000183939457641
740,7,0.000183939457641
631,6,0.000157662392264
711,4,0.000105108261509
747,4,0.000105108261509
552,4,0.000105108261509
583,1,2.62770653773e-05
798,1,2.62770653773e-05
626,1,2.62770653773e-05
None,0,0.0
