2,10812,0.408092398279
3,7583,0.286215746962
1,3136,0.118366422586
4,2828,0.106741148939
5,1173,0.044274175285
6,363,0.0137012153695
7,155,0.00585038121839
9,89,0.0033592511512
11,73,0.00275534083189
15,46,0.00173624216804
8,43,0.00162300898317
12,31,0.00117007624368
14,31,0.00117007624368
26,27,0.00101909866385
10,20,0.000754887899147
39,17,0.000641654714275
13,11,0.000415188344531
17,9,0.000339699554616
18,6,0.000226466369744
28,6,0.000226466369744
29,5,0.000188721974787
23,5,0.000188721974787
38,3,0.000113233184872
62,3,0.000113233184872
16,3,0.000113233184872
63,2,7.54887899147e-05
1000,2,7.54887899147e-05
33,1,3.77443949573e-05
41,1,3.77443949573e-05
60,1,3.77443949573e-05
21,1,3.77443949573e-05
25,1,3.77443949573e-05
32,1,3.77443949573e-05
42,1,3.77443949573e-05
81,1,3.77443949573e-05
20,1,3.77443949573e-05
24,1,3.77443949573e-05
27,1,3.77443949573e-05
30,1,3.77443949573e-05
None,0,0.0
