CA,3795,0.0996847911742
TX,2336,0.0613606514316
NY,2031,0.0533490937746
FL,2019,0.0530338849488
IL,1480,0.0388757551878
NJ,1384,0.036354084581
OH,1300,0.0341476228001
ZZ,1252,0.0328867874967
PA,1216,0.0319411610192
02,1141,0.0299711058576
MI,1038,0.0272655634358
07,923,0.0242448121881
NC,868,0.0228001050696
WA,862,0.0226425006567
VA,856,0.0224848962438
AZ,828,0.0217494089835
GA,776,0.0203835040714
04,745,0.0195692146047
MA,729,0.0191489361702
WI,681,0.0178881008668
OR,647,0.0169950091936
CO,625,0.0164171263462
MO,599,0.0157341738902
IN,596,0.0156553716837
MN,585,0.01536643026
MD,518,0.0136065143157
TN,477,0.0125295508274
CT,389,0.0102180194379
LA,374,0.00982400840557
AL,363,0.00953506698188
SC,348,0.00914105594957
IA,345,0.0090622537431
NV,324,0.00851063829787
KY,316,0.00830049908064
UT,310,0.00814289466772
08,301,0.00790648804833
KS,266,0.00698712897294
ON,257,0.00675072235356
OK,256,0.00672445495141
NE,230,0.0060415024954
AR,211,0.00554242185448
05,210,0.00551615445232
MS,172,0.00451799317048
ID,168,0.00441292356186
NH,165,0.0043341213554
NM,155,0.00407144733386
00,150,0.00394011032309
WV,148,0.00388757551878
ME,142,0.00372997110586
QC,128,0.0033622274757
BC,122,0.00320462306278
HI,114,0.00299448384555
AB,109,0.00286314683478
RI,97,0.00254793800893
01,95,0.00249540320462
MT,93,0.00244286840032
DC,92,0.00241660099816
ND,86,0.00225899658524
DE,84,0.00220646178093
SD,77,0.00202258996585
VT,67,0.00175991594431
WY,60,0.00157604412924
AK,59,0.00154977672708
40,50,0.0013133701077
27,48,0.00126083530339
06,46,0.00120830049908
D9,44,0.00115576569477
14,44,0.00115576569477
E7,40,0.00105069608616
11,38,0.000998161281849
12,37,0.000971893879695
30,33,0.00086682427108
NS,33,0.00086682427108
03,33,0.00086682427108
15,24,0.000630417651694
MB,23,0.00060415024954
09,23,0.00060415024954
21,23,0.00060415024954
SK,18,0.000472813238771
22,18,0.000472813238771
18,18,0.000472813238771
20,18,0.000472813238771
23,17,0.000446545836617
NB,17,0.000446545836617
F2,14,0.000367743630155
25,13,0.000341476228001
13,13,0.000341476228001
G2,12,0.000315208825847
44,12,0.000315208825847
16,12,0.000315208825847
32,11,0.000288941423693
34,11,0.000288941423693
19,10,0.000262674021539
B7,9,0.000236406619385
29,9,0.000236406619385
E9,8,0.000210139217231
10,8,0.000210139217231
L7,6,0.000157604412924
24,6,0.000157604412924
26,6,0.000157604412924
33,4,0.000105069608616
37,4,0.000105069608616
NL,4,0.000105069608616
B2,4,0.000105069608616
17,4,0.000105069608616
F9,4,0.000105069608616
AP,4,0.000105069608616
ERROR,4,0.000105069608616
38,3,7.88022064618e-05
AE,3,7.88022064618e-05
G1,2,5.25348043079e-05
50,2,5.25348043079e-05
53,2,5.25348043079e-05
K1,2,5.25348043079e-05
81,2,5.25348043079e-05
E8,2,5.25348043079e-05
28,2,5.25348043079e-05
F1,2,5.25348043079e-05
35,1,2.62674021539e-05
42,1,2.62674021539e-05
46,1,2.62674021539e-05
H3,1,2.62674021539e-05
56,1,2.62674021539e-05
58,1,2.62674021539e-05
NT,1,2.62674021539e-05
C3,1,2.62674021539e-05
C8,1,2.62674021539e-05
PE,1,2.62674021539e-05
71,1,2.62674021539e-05
E2,1,2.62674021539e-05
F3,1,2.62674021539e-05
F8,1,2.62674021539e-05
43,1,2.62674021539e-05
A2,1,2.62674021539e-05
B4,1,2.62674021539e-05
D6,1,2.62674021539e-05
F4,1,2.62674021539e-05
F7,1,2.62674021539e-05
31,1,2.62674021539e-05
