25000,7976,0.216439173971
35000,5526,0.149955225096
100000,5033,0.136577026404
15000,4020,0.109087948767
45000,2602,0.070608667336
55000,2370,0.0643130444221
65000,2274,0.0617079590785
85000,1566,0.0424954546688
75000,1472,0.0399446419364
300000,1250,0.0339203820792
8500,515,0.0139751974166
500000,482,0.0130796993297
9500,472,0.0128083362731
5500,316,0.00857507258962
6500,285,0.00773384711405
7500,243,0.00659412227619
4500,114,0.00309353884562
5000000,85,0.00230658598138
700000,85,0.00230658598138
3500,75,0.00203522292475
900000,37,0.00100404330954
2500,23,0.000624135030257
625,14,0.000379908279287
1625,7,0.000189954139643
1375,7,0.000189954139643
875,1,2.71363056633e-05
1125,1,2.71363056633e-05
None,0,0.0
