0,288540,0.261418604082
501,67603,0.0612486375954
803,39262,0.0355715576124
602,36309,0.032896125652
807,28796,0.026089312134
511,28523,0.0258419728434
504,27446,0.0248662057519
506,23076,0.0209069650925
623,21423,0.0194093392779
524,18057,0.0163597273651
618,16612,0.0150505505338
819,15823,0.0143357128037
753,13418,0.012156771434
505,13256,0.0120099986682
613,13072,0.0118432937983
751,13016,0.0117925575336
539,12981,0.0117608473681
534,11044,0.0100059162109
510,10863,0.00984192935519
528,10269,0.00930376254703
560,9104,0.00824826703946
508,8213,0.00744101682723
770,8184,0.00741474269013
517,8100,0.00733863829301
617,8085,0.0073250482221
609,8028,0.00727340595263
820,7824,0.00708858098822
535,7717,0.00699163848237
512,7382,0.00668812689865
616,7269,0.00658574836443
825,7251,0.00656944027934
862,7152,0.00647974581131
533,6995,0.00633750306909
515,6353,0.00575584803402
527,5885,0.00533183782153
635,5514,0.00499571006762
839,5477,0.0049621878927
641,5433,0.00492232368468
659,5426,0.00491598165159
566,4958,0.00449197143911
548,4820,0.00436694278671
514,4788,0.00433795063543
544,4541,0.00411416746773
521,4368,0.00395742864986
532,4286,0.00388313626221
567,4254,0.00385414411092
563,4242,0.00384327205419
556,4108,0.0037218674207
529,3678,0.00333228538787
542,3671,0.00332594335477
518,3647,0.00330419924131
622,3584,0.00324712094348
790,3552,0.0032181287922
571,3452,0.00312752831944
538,3400,0.00308041607361
561,3398,0.00307860406416
630,3369,0.00305232992706
650,3367,0.0030505179176
577,3313,0.00300159366232
500,3287,0.0029780375394
652,3250,0.00294451536448
555,3157,0.00286025692482
669,3021,0.00273704028188
679,2934,0.00265821787058
640,2925,0.00265006382803
541,2870,0.00260023356802
744,2791,0.00252865919454
671,2737,0.00247973493926
678,2622,0.00237554439559
658,2617,0.00237101437195
789,2606,0.00236104831995
686,2539,0.00230034600321
557,2480,0.00224689172428
881,2411,0.00218437739808
693,2403,0.00217712936026
513,2389,0.00216444529408
564,2379,0.0021553852468
752,2367,0.00214451319007
546,2330,0.00211099101515
547,2311,0.00209377692533
637,2187,0.00198143233911
866,2124,0.00192435404128
573,2118,0.00191891801291
625,2079,0.00188358382854
523,2076,0.00188086581436
757,2071,0.00187633579072
619,2048,0.00185549768199
722,2046,0.00185368567253
648,2039,0.00184734363944
588,2002,0.00181382146452
675,1966,0.00178120529433
810,1927,0.00174587110996
716,1852,0.00167792075539
574,1821,0.00164983460884
551,1803,0.00163352652374
575,1772,0.00160544037719
725,1751,0.00158641427791
682,1747,0.001582790259
543,1732,0.00156920018809
507,1627,0.0014740696917
724,1610,0.00145866761133
604,1610,0.00145866761133
519,1590,0.00144054751678
691,1567,0.00141970940804
811,1567,0.00141970940804
612,1550,0.00140430732768
702,1525,0.00138165720949
632,1510,0.00136806713857
545,1505,0.00136353711494
855,1484,0.00134451101566
718,1481,0.00134179300148
670,1449,0.00131280085019
530,1440,0.00130464680765
509,1402,0.001270218628
801,1387,0.00125662855709
765,1370,0.00124122647672
531,1362,0.0012339784389
636,1310,0.00118686619307
649,1309,0.00118596018834
570,1249,0.00113159990469
709,1166,0.0010564015123
536,1143,0.00103556340357
642,1137,0.0010301273752
520,1117,0.00101200728065
705,1114,0.00100928926647
687,1113,0.00100838326174
605,1091,0.000988451157738
698,1089,0.000986639148283
503,1080,0.000978485105735
550,1064,0.000963989030095
540,1053,0.000954022978092
610,1051,0.000952210968637
804,1034,0.000936808888269
522,1016,0.000920500803173
828,1000,0.000906004727533
502,974,0.000882448604617
611,972,0.000880636595162
516,950,0.000860704491156
800,940,0.000851644443881
743,909,0.000823558297327
624,907,0.000821746287872
592,876,0.000793660141319
633,856,0.000775540046768
868,846,0.000766479999493
813,843,0.00076376198531
600,837,0.000758325956945
634,817,0.000740205862394
584,813,0.000736581843484
676,812,0.000735675838757
762,805,0.000729333805664
576,797,0.000722085767844
651,779,0.000705777682748
526,762,0.00069037560238
525,716,0.000648699384913
764,697,0.00063148529509
628,694,0.000628767280908
656,672,0.000608835176902
692,669,0.000606117162719
758,644,0.000583467044531
756,622,0.000563534940525
773,614,0.000556286902705
537,609,0.000551756879067
627,600,0.00054360283652
569,588,0.000532730779789
673,581,0.000526388746696
736,577,0.000522764727786
603,577,0.000522764727786
662,574,0.000520046713604
598,568,0.000514610685239
759,567,0.000513704680511
581,565,0.000511892671056
553,553,0.000501020614326
565,533,0.000482900519775
559,526,0.000476558486682
582,526,0.000476558486682
754,525,0.000475652481955
554,519,0.000470216453589
746,516,0.000467498439407
606,502,0.000454814373221
549,484,0.000438506288126
657,466,0.00042219820303
737,460,0.000416762174665
643,427,0.000386864018656
644,425,0.000385052009201
821,391,0.000354247848465
771,389,0.00035243583901
717,382,0.000346093805917
767,373,0.00033793976337
734,351,0.000318007659364
755,341,0.000308947612089
749,312,0.00028267347499
597,312,0.00028267347499
760,297,0.000269083404077
710,295,0.000267271394622
639,282,0.000255493333164
661,247,0.000223783167701
802,240,0.000217441134608
631,225,0.000203851063695
558,217,0.000196603025875
647,211,0.000191166997509
638,209,0.000189354988054
766,180,0.000163080850956
626,180,0.000163080850956
711,172,0.000155832813136
596,162,0.00014677276586
745,154,0.00013952472804
740,116,0.000105096548394
747,105,9.51304963909e-05
552,98,8.87884632982e-05
583,63,5.70782978346e-05
798,16,1.44960756405e-05
None,0,0.0
