2,182433,0.165006349425
3,177850,0.160861133924
1,172218,0.155767122643
0,166997,0.151044851177
4,163087,0.147508348317
5,121452,0.109850471956
6,70388,0.0636642872907
7,23039,0.0208382325807
8,12261,0.0110897855667
9,7763,0.00702145056313
10,3140,0.00284005600518
11,2581,0.00233445367814
12,1013,0.000916234628423
13,450,0.000407014395647
14,143,0.000129340130172
15,118,0.000106728219303
16,95,8.59252613032e-05
18,65,5.87909682601e-05
17,60,5.42685860863e-05
19,42,3.79880102604e-05
20,27,2.44208637388e-05
24,25,2.26119108693e-05
22,24,2.17074344345e-05
21,21,1.89940051302e-05
23,20,1.80895286954e-05
25,13,1.1758193652e-05
30,13,1.1758193652e-05
27,11,9.94924078248e-06
32,10,9.04476434771e-06
26,9,8.14028791294e-06
28,9,8.14028791294e-06
31,8,7.23581147817e-06
33,8,7.23581147817e-06
29,6,5.42685860863e-06
36,5,4.52238217385e-06
56,5,4.52238217385e-06
40,5,4.52238217385e-06
35,4,3.61790573908e-06
48,4,3.61790573908e-06
55,4,3.61790573908e-06
45,4,3.61790573908e-06
34,3,2.71342930431e-06
38,3,2.71342930431e-06
39,3,2.71342930431e-06
41,3,2.71342930431e-06
49,3,2.71342930431e-06
37,3,2.71342930431e-06
44,3,2.71342930431e-06
57,3,2.71342930431e-06
59,2,1.80895286954e-06
63,2,1.80895286954e-06
74,2,1.80895286954e-06
76,2,1.80895286954e-06
90,2,1.80895286954e-06
96,2,1.80895286954e-06
529,2,1.80895286954e-06
531,2,1.80895286954e-06
391,2,1.80895286954e-06
243,2,1.80895286954e-06
47,2,1.80895286954e-06
54,2,1.80895286954e-06
61,2,1.80895286954e-06
68,2,1.80895286954e-06
71,2,1.80895286954e-06
73,2,1.80895286954e-06
75,2,1.80895286954e-06
79,2,1.80895286954e-06
81,2,1.80895286954e-06
87,2,1.80895286954e-06
89,2,1.80895286954e-06
93,2,1.80895286954e-06
120,2,1.80895286954e-06
534,2,1.80895286954e-06
537,2,1.80895286954e-06
238,1,9.04476434771e-07
43,1,9.04476434771e-07
1445,1,9.04476434771e-07
849,1,9.04476434771e-07
50,1,9.04476434771e-07
452,1,9.04476434771e-07
52,1,9.04476434771e-07
58,1,9.04476434771e-07
861,1,9.04476434771e-07
62,1,9.04476434771e-07
666,1,9.04476434771e-07
66,1,9.04476434771e-07
77,1,9.04476434771e-07
84,1,9.04476434771e-07
693,1,9.04476434771e-07
897,1,9.04476434771e-07
102,1,9.04476434771e-07
709,1,9.04476434771e-07
911,1,9.04476434771e-07
716,1,9.04476434771e-07
320,1,9.04476434771e-07
1125,1,9.04476434771e-07
528,1,9.04476434771e-07
130,1,9.04476434771e-07
341,1,9.04476434771e-07
1151,1,9.04476434771e-07
156,1,9.04476434771e-07
1559,1,9.04476434771e-07
362,1,9.04476434771e-07
162,1,9.04476434771e-07
565,1,9.04476434771e-07
165,1,9.04476434771e-07
1165,1,9.04476434771e-07
969,1,9.04476434771e-07
574,1,9.04476434771e-07
176,1,9.04476434771e-07
1183,1,9.04476434771e-07
798,1,9.04476434771e-07
198,1,9.04476434771e-07
201,1,9.04476434771e-07
605,1,9.04476434771e-07
616,1,9.04476434771e-07
219,1,9.04476434771e-07
419,1,9.04476434771e-07
426,1,9.04476434771e-07
1428,1,9.04476434771e-07
435,1,9.04476434771e-07
237,1,9.04476434771e-07
42,1,9.04476434771e-07
46,1,9.04476434771e-07
848,1,9.04476434771e-07
51,1,9.04476434771e-07
53,1,9.04476434771e-07
459,1,9.04476434771e-07
60,1,9.04476434771e-07
465,1,9.04476434771e-07
265,1,9.04476434771e-07
67,1,9.04476434771e-07
70,1,9.04476434771e-07
72,1,9.04476434771e-07
278,1,9.04476434771e-07
280,1,9.04476434771e-07
283,1,9.04476434771e-07
1286,1,9.04476434771e-07
86,1,9.04476434771e-07
290,1,9.04476434771e-07
94,1,9.04476434771e-07
301,1,9.04476434771e-07
105,1,9.04476434771e-07
308,1,9.04476434771e-07
310,1,9.04476434771e-07
912,1,9.04476434771e-07
714,1,9.04476434771e-07
317,1,9.04476434771e-07
1319,1,9.04476434771e-07
122,1,9.04476434771e-07
722,1,9.04476434771e-07
924,1,9.04476434771e-07
127,1,9.04476434771e-07
929,1,9.04476434771e-07
133,1,9.04476434771e-07
336,1,9.04476434771e-07
340,1,9.04476434771e-07
342,1,9.04476434771e-07
746,1,9.04476434771e-07
146,1,9.04476434771e-07
349,1,9.04476434771e-07
553,1,9.04476434771e-07
753,1,9.04476434771e-07
164,1,9.04476434771e-07
968,1,9.04476434771e-07
171,1,9.04476434771e-07
375,1,9.04476434771e-07
175,1,9.04476434771e-07
978,1,9.04476434771e-07
181,1,9.04476434771e-07
581,1,9.04476434771e-07
585,1,9.04476434771e-07
1189,1,9.04476434771e-07
990,1,9.04476434771e-07
591,1,9.04476434771e-07
594,1,9.04476434771e-07
400,1,9.04476434771e-07
202,1,9.04476434771e-07
608,1,9.04476434771e-07
214,1,9.04476434771e-07
617,1,9.04476434771e-07
425,1,9.04476434771e-07
