2,286628,0.413121152591
3,183299,0.26419154496
1,99442,0.143327217355
4,69875,0.100711865335
5,30830,0.0444357324978
6,7756,0.0111788368879
7,3633,0.00523629634007
9,1895,0.00273129137474
8,1786,0.00257418807139
14,1676,0.00241564345333
10,1265,0.00182326310768
11,1254,0.00180740864587
12,887,0.00127844614744
15,587,0.00084605173455
33,340,0.000490047001273
41,330,0.000475633854176
16,310,0.000446807559984
13,260,0.000374741824503
40,227,0.000327178439085
29,187,0.0002695258507
39,170,0.000245023500636
17,153,0.000220521150573
21,106,0.00015277935922
26,94,0.000135483582705
18,70,0.000100892029674
30,69,9.94507149642e-05
23,68,9.80094002545e-05
19,55,7.92723090294e-05
36,53,7.63896796102e-05
24,45,6.48591619331e-05
1000,41,5.90939030946e-05
46,38,5.47699589658e-05
22,37,5.33286442561e-05
28,27,3.89154971599e-05
37,26,3.74741824503e-05
38,23,3.31502383214e-05
31,23,3.31502383214e-05
20,22,3.17089236118e-05
25,22,3.17089236118e-05
65,21,3.02676089021e-05
60,20,2.88262941925e-05
32,19,2.73849794829e-05
27,16,2.3061035354e-05
51,13,1.87370912251e-05
35,12,1.72957765155e-05
43,11,1.58544618059e-05
34,9,1.29718323866e-05
66,9,1.29718323866e-05
42,8,1.1530517677e-05
44,6,8.64788825775e-06
48,5,7.20657354813e-06
61,5,7.20657354813e-06
57,5,7.20657354813e-06
55,4,5.7652588385e-06
52,4,5.7652588385e-06
136,4,5.7652588385e-06
45,3,4.32394412888e-06
134,3,4.32394412888e-06
102,3,4.32394412888e-06
117,2,2.88262941925e-06
47,2,2.88262941925e-06
74,2,2.88262941925e-06
49,2,2.88262941925e-06
84,2,2.88262941925e-06
112,1,1.44131470963e-06
126,1,1.44131470963e-06
56,1,1.44131470963e-06
62,1,1.44131470963e-06
75,1,1.44131470963e-06
78,1,1.44131470963e-06
79,1,1.44131470963e-06
54,1,1.44131470963e-06
64,1,1.44131470963e-06
68,1,1.44131470963e-06
69,1,1.44131470963e-06
76,1,1.44131470963e-06
None,0,0.0
