CA,92099,0.083301375166
TX,62707,0.0567170037952
NY,60267,0.0545100812943
ZZ,56670,0.0512566795585
FL,50925,0.0460604624407
IL,43202,0.039075190935
PA,35435,0.0320501224661
OH,31894,0.0288473714106
NJ,29335,0.026532816214
VA,25956,0.0234765903409
NC,24728,0.022365893279
GA,24220,0.0219064192502
MI,24184,0.0218738580985
MA,23046,0.0208445639157
H9,22662,0.0204972449648
WA,20318,0.0183771522017
WI,17177,0.0155361917201
CO,16976,0.0153543919567
AZ,16520,0.0149419507024
MD,16193,0.0146461869082
MO,15223,0.0137688447665
MN,15178,0.013728143327
IN,13932,0.0126011656892
TN,12631,0.0114244418476
OR,10504,0.00950062047083
07,10270,0.0092889729851
02,10135,0.0091668686664
CT,9981,0.00902757929545
LA,9440,0.00853825754424
SC,9195,0.00831666081772
KY,8937,0.00808330589755
AL,8255,0.00746645296903
UT,8133,0.00735610684399
IA,7704,0.00696808645348
04,7325,0.0066252898847
KS,7167,0.006482382608
NV,7166,0.00648147813157
OK,7040,0.00636751410079
ON,6792,0.00614320394496
DE,6180,0.00558966436688
DC,5548,0.00501803526011
NE,5317,0.00480910120368
00,4978,0.00450248369229
AR,4868,0.00440299128447
05,4383,0.0039643202136
MS,4005,0.00362242812126
NM,3946,0.00356906401161
WV,3832,0.00346595369804
ME,3828,0.0034623357923
QC,3816,0.00345148207509
NH,3811,0.00344695969291
08,3642,0.00329410317544
ID,3532,0.00319461076761
RI,3107,0.00281020828283
A7,2855,0.00258228022127
01,2840,0.00256871307475
HI,2795,0.00252801163518
I2,2736,0.00247464752553
MT,2503,0.00226390451623
09,2330,0.00210743009302
N7,2213,0.00200160635015
V2,2198,0.00198803920363
ND,2181,0.00197266310424
SD,2169,0.00196180938702
06,2066,0.00186864831424
A8,2052,0.00185598564415
03,1985,0.00179538572302
11,1979,0.00178995886441
F8,1973,0.0017845320058
L9,1951,0.00176463352424
H3,1909,0.00172664551398
E4,1856,0.00167870826293
F2,1851,0.00167418588076
AB,1814,0.00164072025267
G5,1813,0.00163981577624
H2,1804,0.00163167548833
B7,1772,0.00160273224241
H8,1769,0.00160001881311
VT,1730,0.00156474423215
BC,1711,0.00154755917989
J8,1685,0.00152404279259
16,1608,0.00145439810711
27,1579,0.0014281682905
C3,1551,0.00140284295033
26,1500,0.00135671465216
I9,1459,0.00131963111833
17,1429,0.00129249682529
WY,1424,0.00128797444311
U8,1411,0.00127621624946
K2,1400,0.00126626700868
15,1382,0.00124998643285
H4,1366,0.0012355148099
12,1364,0.00123370585703
40,1341,0.00121290289903
21,1315,0.00118938651172
18,1244,0.00112516868486
B9,1235,0.00111702839694
B4,1202,0.00108718067459
E6,1186,0.00107270905164
AK,1170,0.00105823742868
P6,1168,0.00105642847581
J1,1156,0.0010455747586
14,1152,0.00104195685286
null,1129,0.00102115389486
I7,1088,0.000984070361031
M4,1075,0.000972312167379
20,1055,0.000954222638683
13,1016,0.000918948057727
10,1015,0.000918043581293
M3,988,0.000893622717554
19,979,0.000885482429641
N5,952,0.000861061565902
H7,933,0.000843876513641
B6,906,0.000819455649902
N4,865,0.000782372116077
X5,861,0.000778754210338
C5,852,0.000770613922425
D4,851,0.00076970944599
R3,833,0.000753428870164
I6,830,0.00075071544086
B8,829,0.000749810964425
K7,815,0.000737148294338
Q4,815,0.000737148294338
Q3,803,0.000726294577121
C8,797,0.000720867718512
28,754,0.000681975231817
25,748,0.000676548373209
D9,709,0.000641273792253
C7,698,0.00063132455147
N1,690,0.000624088739992
K4,690,0.000624088739992
T5,683,0.000617757404949
30,661,0.000597858923384
23,655,0.000592432064775
P3,650,0.000587909682601
29,634,0.000573438059645
B2,606,0.000548112719471
V1,602,0.000544494813732
J9,599,0.000541781384428
D8,598,0.000540876907993
G6,598,0.000540876907993
C6,596,0.000539067955123
Z1,577,0.000521882902863
I3,575,0.000520073949993
P8,574,0.000519169473559
Q5,566,0.00051193366208
F9,552,0.000499270991994
G1,549,0.000496557562689
NS,531,0.000480276986863
G8,530,0.000479372510429
34,526,0.00047575460469
E2,525,0.000474850128255
G7,520,0.000470327746081
MB,513,0.000463996411038
A4,512,0.000463091934603
A2,507,0.000458569552429
K6,507,0.000458569552429
K3,507,0.000458569552429
E7,505,0.000456760599559
C9,504,0.000455856123125
A9,497,0.000449524788081
N6,494,0.000446811358777
H5,489,0.000442288976603
F4,486,0.000439575547299
56,481,0.000435053165125
D3,468,0.000423294971473
M9,450,0.000407014395647
P7,450,0.000407014395647
B5,449,0.000406109919212
N2,445,0.000402492013473
M1,434,0.000392542772691
D6,433,0.000391638296256
B1,431,0.000389829343386
D7,428,0.000387115914082
K8,427,0.000386211437647
L3,427,0.000386211437647
I1,423,0.000382593531908
D2,410,0.000370835338256
NB,409,0.000369930861821
B3,403,0.000364504003213
K9,396,0.000358172668169
22,395,0.000357268191735
A1,390,0.000352745809561
51,388,0.000350936856691
L1,376,0.000340083139474
A3,364,0.000329229422257
J7,363,0.000328324945822
U3,355,0.000321089134344
P9,349,0.000315662275735
E5,341,0.000308426464257
I4,338,0.000305713034953
L7,337,0.000304808558518
A5,332,0.000300286176344
O7,330,0.000298477223474
O8,327,0.00029576379417
P2,326,0.000294859317735
SK,321,0.000290336935561
K1,321,0.000290336935561
X4,316,0.000285814553388
F6,314,0.000284005600518
N8,305,0.000275865312605
D5,290,0.000262298166084
C1,283,0.00025596683104
N3,275,0.000248731019562
Y9,275,0.000248731019562
J5,269,0.000243304160953
A6,268,0.000242399684519
V8,264,0.00023878177878
Z4,260,0.00023516387304
32,258,0.000233354920171
L6,254,0.000229737014432
24,251,0.000227023585128
97,243,0.000219787773649
N9,241,0.00021797882078
L2,239,0.00021616986791
J2,238,0.000215265391475
AE,236,0.000213456438606
NL,233,0.000210743009302
J6,229,0.000207125103563
U9,228,0.000206220627128
Y6,226,0.000204411674258
O2,224,0.000202602721389
K5,223,0.000201698244954
G2,222,0.000200793768519
E9,221,0.000199889292084
60,219,0.000198080339215
Y1,217,0.000196271386345
J3,208,0.000188131098432
W9,208,0.000188131098432
Y4,204,0.000184513192693
E3,204,0.000184513192693
M5,200,0.000180895286954
M7,196,0.000177277381215
Q1,191,0.000172754999041
M2,191,0.000172754999041
31,189,0.000170946046172
Z5,187,0.000169137093302
C2,186,0.000168232616867
Z7,185,0.000167328140433
F7,184,0.000166423663998
P4,182,0.000164614711128
44,180,0.000162805758259
W1,177,0.000160092328954
O3,166,0.000150143088172
42,157,0.000142002800259
Y5,157,0.000142002800259
W5,155,0.00014019384739
78,147,0.000132958035911
D1,139,0.000125722224433
W2,136,0.000123008795129
35,134,0.000121199842259
E1,134,0.000121199842259
58,132,0.00011939088939
59,130,0.00011758193652
X3,130,0.00011758193652
L5,128,0.000115772983651
X7,127,0.000114868507216
O1,126,0.000113964030781
55,124,0.000112155077912
U4,123,0.000111250601477
52,121,0.000109441648607
O6,119,0.000107632695738
Y7,117,0.000105823742868
53,115,0.000104014789999
W6,114,0.000103110313564
98,112,0.000101301360694
38,111,0.00010039688426
S5,109,9.858793139e-05
48,108,9.76834549553e-05
O4,108,9.76834549553e-05
ERROR,102,9.22565963466e-05
F5,101,9.13521199119e-05
Q2,100,9.04476434771e-05
J4,100,9.04476434771e-05
R8,99,8.95431670423e-05
Z3,97,8.77342141728e-05
V3,91,8.23073555642e-05
X9,91,8.23073555642e-05
57,90,8.14028791294e-05
W4,89,8.04984026946e-05
S6,88,7.95939262598e-05
36,87,7.86894498251e-05
54,86,7.77849733903e-05
68,86,7.77849733903e-05
Z8,84,7.59760205208e-05
T6,84,7.59760205208e-05
L8,84,7.59760205208e-05
99,83,7.5071544086e-05
33,82,7.41670676512e-05
81,81,7.32625912164e-05
Z6,80,7.23581147817e-05
V7,80,7.23581147817e-05
39,79,7.14536383469e-05
X6,75,6.78357326078e-05
37,73,6.60267797383e-05
W7,72,6.51223033035e-05
PE,70,6.3313350434e-05
47,68,6.15043975644e-05
83,68,6.15043975644e-05
X8,66,5.96954446949e-05
V4,65,5.87909682601e-05
Y8,61,5.5173062521e-05
45,60,5.42685860863e-05
T2,59,5.33641096515e-05
G9,59,5.33641096515e-05
U2,57,5.15551567819e-05
S9,56,5.06506803472e-05
AP,52,4.70327746081e-05
61,51,4.61282981733e-05
Y3,51,4.61282981733e-05
41,47,4.25103924342e-05
T1,46,4.16059159995e-05
50,45,4.07014395647e-05
T9,44,3.97969631299e-05
R6,43,3.88924866952e-05
V5,42,3.79880102604e-05
86,42,3.79880102604e-05
65,41,3.70835338256e-05
Z2,41,3.70835338256e-05
T7,40,3.61790573908e-05
85,40,3.61790573908e-05
73,39,3.52745809561e-05
X2,39,3.52745809561e-05
Y2,39,3.52745809561e-05
82,38,3.43701045213e-05
L4,38,3.43701045213e-05
77,38,3.43701045213e-05
Q9,37,3.34656280865e-05
T8,35,3.1656675217e-05
46,35,3.1656675217e-05
P5,35,3.1656675217e-05
84,35,3.1656675217e-05
66,35,3.1656675217e-05
72,34,3.07521987822e-05
U6,32,2.89432459127e-05
V6,32,2.89432459127e-05
Q6,31,2.80387694779e-05
X1,31,2.80387694779e-05
O9,31,2.80387694779e-05
62,30,2.71342930431e-05
88,29,2.62298166084e-05
43,28,2.53253401736e-05
80,28,2.53253401736e-05
87,27,2.44208637388e-05
F1,26,2.3516387304e-05
74,25,2.26119108693e-05
91,25,2.26119108693e-05
U1,25,2.26119108693e-05
Q8,23,2.08029579997e-05
49,22,1.9898481565e-05
P1,22,1.9898481565e-05
S7,22,1.9898481565e-05
M6,20,1.80895286954e-05
Q7,20,1.80895286954e-05
76,20,1.80895286954e-05
R4,19,1.71850522606e-05
79,19,1.71850522606e-05
I8,15,1.35671465216e-05
63,15,1.35671465216e-05
R2,15,1.35671465216e-05
R9,15,1.35671465216e-05
90,14,1.26626700868e-05
S1,14,1.26626700868e-05
71,14,1.26626700868e-05
75,13,1.1758193652e-05
R7,12,1.08537172173e-05
W8,11,9.94924078248e-06
YT,11,9.94924078248e-06
NT,11,9.94924078248e-06
E8,11,9.94924078248e-06
G3,9,8.14028791294e-06
F3,9,8.14028791294e-06
T3,9,8.14028791294e-06
H1,9,8.14028791294e-06
70,7,6.3313350434e-06
64,6,5.42685860863e-06
S2,6,5.42685860863e-06
T4,6,5.42685860863e-06
S3,5,4.52238217385e-06
W3,5,4.52238217385e-06
93,5,4.52238217385e-06
H6,4,3.61790573908e-06
NU,4,3.61790573908e-06
S4,4,3.61790573908e-06
AA,4,3.61790573908e-06
67,4,3.61790573908e-06
O5,3,2.71342930431e-06
89,3,2.71342930431e-06
92,3,2.71342930431e-06
U5,2,1.80895286954e-06
69,1,9.04476434771e-07
R1,1,9.04476434771e-07
