25000,255359,0.238898420996
15000,167765,0.156950777527
35000,149449,0.139815436775
100000,145930,0.136523273415
45000,76504,0.0715725108569
55000,61445,0.057484222127
65000,45963,0.0430002002054
75000,44898,0.0420038506804
85000,36823,0.03444936954
300000,24582,0.0229974310086
9500,11632,0.0108821950001
8500,10031,0.00938439632445
7500,8777,0.00821122984146
5500,7763,0.0072625928289
6500,5685,0.00531854183078
500000,4945,0.00462624263029
5000000,4071,0.00380858114214
4500,2404,0.00224903686213
700000,2110,0.00197398826085
3500,1030,0.000963605643922
900000,807,0.000754980344316
875,446,0.000417250599213
2500,433,0.000405088586231
625,25,2.3388486503e-05
1375,17,1.5904170822e-05
1875,8,7.48431568095e-06
None,0,0.0
