0,234473,0.255815704202
501,59892,0.0653436180543
803,31202,0.0340421353525
504,24074,0.0262653152514
511,23390,0.0255190547367
602,23198,0.025309578101
807,21697,0.0236719508603
506,19340,0.021100406952
623,18260,0.0199221008761
524,18148,0.0197999061719
618,14919,0.0162769892098
819,11692,0.0127562542959
539,10823,0.0118081543145
613,10698,0.0116717762964
505,10694,0.0116674121998
534,10122,0.0110433463893
753,10105,0.0110247989788
751,9693,0.0105752970313
510,9513,0.0103789126853
560,9418,0.0102752653916
528,8664,0.00945263318677
517,7487,0.00816849776886
508,6996,0.00763280491397
616,6869,0.00749424484764
825,6633,0.00723676314957
609,6457,0.00704474290016
535,6443,0.00702946856214
512,6324,0.00689963668896
820,6197,0.00676107662263
533,6163,0.00672398180172
770,5930,0.00646977317608
862,5824,0.00635412461678
617,5464,0.00596135592481
527,5038,0.00549657963931
515,5000,0.00545512072182
659,4985,0.00543875535966
635,4941,0.0053907502973
839,4736,0.00516709034771
641,4344,0.00473940888312
567,4221,0.00460521291336
544,4192,0.00457357321318
630,4089,0.00446119772631
566,4044,0.00441210163981
548,4012,0.00437718886719
514,3964,0.00432481970826
556,3688,0.00402369704442
521,3592,0.00391895872656
571,3569,0.00389386517124
518,3554,0.00387749980907
532,3476,0.00379239992581
563,3313,0.00361456299028
622,3200,0.00349127726197
650,3190,0.00348036702052
561,3056,0.00333416978518
529,3036,0.00331234930229
542,2967,0.00323706863633
538,2914,0.00317924435668
640,2887,0.00314978670478
790,2843,0.00310178164243
577,2784,0.00303741121791
555,2769,0.00302104585574
500,2737,0.00298613308313
679,2640,0.00288030374112
652,2607,0.00284429994436
671,2513,0.00274174367479
686,2462,0.00268610144342
541,2442,0.00266428096054
744,2442,0.00266428096054
693,2395,0.00261300282575
557,2394,0.00261191180161
669,2276,0.00248317095257
546,2215,0.00241661847977
678,2108,0.00229987889632
789,2054,0.00224096359252
658,1979,0.0021591367817
564,1939,0.00211549581592
547,1931,0.00210676762277
573,1871,0.00204130617411
625,1868,0.00203803310167
637,1860,0.00202930490852
513,1857,0.00202603183608
752,1805,0.00196929858058
575,1773,0.00193438580796
716,1734,0.00189183586633
675,1657,0.00180782700721
722,1652,0.00180237188649
866,1635,0.00178382447604
588,1603,0.00174891170342
648,1602,0.00174782067927
881,1599,0.00174454760684
523,1593,0.00173800146197
543,1582,0.00172600019638
619,1571,0.0017139989308
507,1544,0.0016845412789
691,1536,0.00167581308574
718,1517,0.001655083627
551,1517,0.001655083627
574,1515,0.00165290157871
757,1513,0.00165071953042
530,1483,0.00161798880609
682,1443,0.00157434784032
519,1400,0.00152743380211
545,1383,0.00150888639166
604,1334,0.00145542620858
702,1272,0.00138778271163
612,1269,0.0013845096392
725,1258,0.00137250837361
632,1227,0.00133868662514
570,1196,0.00130486487666
811,1182,0.00128959053864
670,1165,0.00127104312818
531,1165,0.00127104312818
724,1159,0.00126449698332
810,1151,0.00125576879016
855,1105,0.00120558167952
636,1100,0.0012001265588
520,1056,0.00115212149645
801,1052,0.00114775739987
509,1027,0.00112048179626
765,1024,0.00111720872383
709,1006,0.00109757028923
649,1005,0.00109647926509
550,991,0.00108120492707
522,983,0.00107247673391
605,982,0.00107138570977
642,950,0.00103647293715
503,950,0.00103647293715
698,939,0.00102447167156
536,938,0.00102338064741
687,881,0.000961192271185
705,827,0.000902276967389
610,815,0.000889184677657
611,814,0.000888093653513
502,812,0.000885911605224
540,805,0.000878274436213
592,787,0.000858636001615
828,783,0.000854271905037
516,783,0.000854271905037
800,775,0.000845543711882
804,772,0.000842270639449
584,756,0.000824814253139
743,733,0.000799720697819
624,707,0.000771354070066
525,706,0.000770263045921
526,694,0.000757170756189
600,670,0.000730986176724
868,668,0.000728804128435
633,662,0.000722257983569
676,656,0.000715711838703
634,650,0.000709165693837
576,628,0.000685163162661
628,619,0.000675343945362
656,618,0.000674252921217
746,616,0.000672070872928
692,614,0.00066988882464
651,589,0.000642613221031
813,577,0.000629520931298
762,577,0.000629520931298
606,561,0.000612064544988
581,549,0.000598972255256
764,546,0.000595699182823
627,502,0.000547694120471
537,498,0.000543330023893
673,496,0.000541147975605
758,493,0.000537874903172
603,492,0.000536783879027
569,491,0.000535692854883
582,488,0.00053241978245
598,482,0.000525873637584
756,460,0.000501871106408
549,453,0.000494233937397
565,443,0.000483323695953
559,439,0.000478959599376
773,437,0.000476777551087
759,428,0.000466958333788
662,423,0.000461503213066
736,420,0.000458230140633
657,405,0.000441864778468
710,401,0.00043750068189
644,400,0.000436409657746
554,399,0.000435318633601
553,386,0.000421135319725
643,377,0.000411316102425
737,340,0.000370948209084
754,335,0.000365493088362
717,334,0.000364402064218
597,314,0.00034258158133
771,311,0.000339308508897
734,282,0.000307668808711
767,273,0.000297849591411
821,269,0.000293485494834
755,265,0.000289121398257
760,229,0.000249844529059
639,214,0.000233479166894
558,209,0.000228024046172
749,204,0.00022256892545
661,197,0.00021493175644
711,188,0.00020511253914
647,186,0.000202930490852
802,178,0.000194202297697
631,176,0.000192020249408
638,157,0.000171290790665
596,148,0.000161471573366
745,143,0.000156016452644
766,138,0.000150561331922
626,128,0.000139651090479
740,113,0.000123285728313
552,101,0.000110193438581
747,79,8.61909074048e-05
583,45,4.90960864964e-05
798,12,1.30922897324e-05
None,0,0.0
