3,169240,0.184474855981
2,153618,0.167446575432
1,138348,0.150801981655
4,129075,0.140694233253
0,114318,0.124608819346
5,101089,0.110188954835
6,61536,0.0670754238812
7,22745,0.0247924875874
8,10806,0.0117787478949
9,6338,0.00690854193577
10,3789,0.00413008289596
11,3103,0.00338232969812
12,1493,0.00162739872359
13,725,0.000790263948159
14,223,0.000243074290261
15,184,0.000200563539946
16,160,0.000174403078214
18,97,0.000105731866167
17,87,9.4831673779e-05
19,64,6.97612312857e-05
20,58,6.32211158527e-05
24,45,4.90508657478e-05
21,38,4.14207310759e-05
23,28,3.05205386875e-05
22,27,2.94305194487e-05
25,21,2.28904040156e-05
27,15,1.63502885826e-05
29,12,1.30802308661e-05
32,11,1.19902116272e-05
26,10,1.09001923884e-05
28,10,1.09001923884e-05
31,9,9.81017314956e-06
30,7,7.63013467188e-06
33,6,6.54011543304e-06
34,6,6.54011543304e-06
36,5,5.4500961942e-06
41,5,5.4500961942e-06
35,4,4.36007695536e-06
45,4,4.36007695536e-06
47,4,4.36007695536e-06
43,3,3.27005771652e-06
37,3,3.27005771652e-06
80,3,3.27005771652e-06
40,2,2.18003847768e-06
50,2,2.18003847768e-06
63,2,2.18003847768e-06
68,2,2.18003847768e-06
72,2,2.18003847768e-06
38,2,2.18003847768e-06
49,2,2.18003847768e-06
65,2,2.18003847768e-06
48,1,1.09001923884e-06
52,1,1.09001923884e-06
54,1,1.09001923884e-06
59,1,1.09001923884e-06
62,1,1.09001923884e-06
67,1,1.09001923884e-06
88,1,1.09001923884e-06
492,1,1.09001923884e-06
94,1,1.09001923884e-06
96,1,1.09001923884e-06
129,1,1.09001923884e-06
149,1,1.09001923884e-06
165,1,1.09001923884e-06
51,1,1.09001923884e-06
53,1,1.09001923884e-06
57,1,1.09001923884e-06
61,1,1.09001923884e-06
64,1,1.09001923884e-06
73,1,1.09001923884e-06
76,1,1.09001923884e-06
84,1,1.09001923884e-06
93,1,1.09001923884e-06
95,1,1.09001923884e-06
111,1,1.09001923884e-06
131,1,1.09001923884e-06
158,1,1.09001923884e-06
392,1,1.09001923884e-06
