2,265781,0.420842536953
3,170059,0.269274556841
1,85219,0.134937336215
4,61971,0.0981260242738
5,28911,0.0457782105788
6,7162,0.0113404428821
7,3125,0.00494818263148
8,1743,0.00275989834454
9,1367,0.00216453301032
11,1055,0.00167050645639
14,896,0.0014187429241
10,865,0.00136965695239
12,726,0.00114956178895
41,318,0.00050352706458
16,232,0.000367353078561
13,223,0.000353102312583
15,194,0.000307183177762
29,182,0.000288182156458
17,163,0.000258097206058
33,161,0.000254930369174
39,153,0.000242263021637
26,112,0.000177342865512
19,87,0.00013775740446
21,81,0.000128256893808
40,75,0.000118756383156
36,50,7.91709221037e-05
24,50,7.91709221037e-05
23,47,7.44206667775e-05
30,46,7.28372483354e-05
1000,44,6.96704114513e-05
18,43,6.80869930092e-05
28,35,5.54196454726e-05
22,33,5.22528085885e-05
20,33,5.22528085885e-05
37,28,4.43357163781e-05
25,25,3.95854610519e-05
60,23,3.64186241677e-05
52,21,3.32517872836e-05
38,17,2.69181135153e-05
46,16,2.53346950732e-05
65,16,2.53346950732e-05
31,15,2.37512766311e-05
42,14,2.2167858189e-05
136,14,2.2167858189e-05
35,12,1.90010213049e-05
134,11,1.74176028628e-05
32,10,1.58341844207e-05
43,8,1.26673475366e-05
51,8,1.26673475366e-05
34,7,1.10839290945e-05
61,6,9.50051065245e-06
27,6,9.50051065245e-06
64,6,9.50051065245e-06
44,5,7.91709221037e-06
66,5,7.91709221037e-06
102,4,6.3336737683e-06
47,4,6.3336737683e-06
45,3,4.75025532622e-06
55,3,4.75025532622e-06
117,2,3.16683688415e-06
72,2,3.16683688415e-06
86,2,3.16683688415e-06
132,1,1.58341844207e-06
142,1,1.58341844207e-06
150,1,1.58341844207e-06
48,1,1.58341844207e-06
49,1,1.58341844207e-06
126,1,1.58341844207e-06
74,1,1.58341844207e-06
82,1,1.58341844207e-06
90,1,1.58341844207e-06
91,1,1.58341844207e-06
None,0,0.0
