CA,73110,0.0796913065516
TX,53860,0.0587084362039
NY,52890,0.0576511175422
FL,44790,0.0488219617076
ZZ,38474,0.0419374001951
PA,30290,0.0330166827445
IL,29025,0.0316378084073
OH,26668,0.0290686330614
NJ,25883,0.0282129679589
NC,24293,0.0264798373691
GA,23865,0.0260133091349
VA,22072,0.0240589046397
MA,19447,0.0211976041377
MI,19262,0.0209959505785
H9,17470,0.0190426361025
WA,14911,0.0162532768703
MD,13810,0.0150531656884
MO,13144,0.0143272128753
CO,12562,0.0136928216783
AZ,12496,0.0136208804085
WI,12407,0.0135238686963
MN,12390,0.0135053383692
TN,12006,0.0130867709815
IN,11121,0.0121221039551
07,8960,0.00976657238
SC,8764,0.00955292860919
AL,8752,0.00953984837832
CT,8747,0.00953439828213
LA,8279,0.00902426927835
OR,7885,0.00859480169825
02,7600,0.00828414621518
KY,7425,0.00809339284838
IA,6599,0.0071930369571
OK,6432,0.00701100374422
KS,6094,0.00664257724149
NV,5994,0.0065335753176
UT,5903,0.00643438356687
ON,5548,0.00604742673708
DE,5386,0.00587084362039
04,4725,0.00515034090352
DC,4603,0.00501735855638
AR,4322,0.00471106315026
NE,4270,0.00465438214984
MS,4125,0.00449632936021
NH,3216,0.00350550187211
WV,3209,0.00349787173744
ME,3183,0.00346953123723
05,3133,0.00341503027528
NM,3111,0.00339104985203
QC,3107,0.00338668977507
08,2813,0.00306622411886
00,2703,0.00294632200258
01,2654,0.00289291105988
ID,2590,0.00282314982859
RI,2547,0.00277627900132
HI,2443,0.00266291700049
I2,2319,0.00252775461487
A7,2290,0.00249614405694
06,2120,0.00231084078634
09,2082,0.00226942005526
V2,1841,0.0020067254187
27,1814,0.00197729489925
MT,1808,0.00197075478382
N7,1756,0.0019140737834
A8,1714,0.00186829297537
L9,1703,0.00185630276374
AB,1685,0.00183668241744
11,1669,0.00181924210962
H3,1658,0.001807251898
BC,1655,0.00180398184028
ND,1648,0.00179635170561
16,1625,0.00177128126311
H2,1613,0.00175820103225
SD,1594,0.00173749066671
G5,1589,0.00173204057052
F8,1571,0.00171242022422
15,1562,0.00170261005107
F2,1557,0.00169715995487
B7,1532,0.0016699094739
E4,1519,0.0016557392238
H8,1512,0.00164810908913
J8,1500,0.00163502885826
21,1390,0.00151512674199
03,1366,0.00148896628025
26,1365,0.00148787626102
14,1331,0.0014508156069
17,1310,0.00142792520288
12,1294,0.00141048489506
18,1270,0.00138432443333
C3,1239,0.00135053383692
U8,1232,0.00134290370225
VT,1225,0.00133527356758
H4,1179,0.00128513268259
I9,1179,0.00128513268259
20,1163,0.00126769237477
13,1153,0.00125679218238
K2,1111,0.00121101137435
B4,1061,0.00115651041241
WY,1041,0.00113471002763
B9,1023,0.00111508968133
P6,1021,0.00111290964286
10,1008,0.00109873939275
J1,994,0.00108347912341
E6,993,0.00108238910417
AK,960,0.00104641846929
I7,944,0.00102897816146
19,941,0.00102570810375
40,906,0.000987557430389
M3,866,0.000943956660835
M4,858,0.000935236506924
N5,831,0.000905805987476
B6,820,0.000893815775848
D4,816,0.000889455698893
44,802,0.000874195429549
R3,789,0.000860025179444
H7,769,0.000838224794668
D9,755,0.000822964525324
X5,731,0.000796804063592
N4,730,0.000795714044353
null,722,0.000786993890442
I6,706,0.000769553582621
29,698,0.00076083342871
K7,690,0.000752113274799
Q3,664,0.000723772774589
C8,662,0.000721592736112
C5,654,0.000712872582201
B8,652,0.000710692543723
28,647,0.000705242447529
25,643,0.000700882370574
Q4,642,0.000699792351335
23,636,0.000693252235902
N1,629,0.00068562210123
P3,613,0.000668181793409
K4,585,0.000637661254721
V1,581,0.000633301177766
C7,575,0.000626761062333
T5,569,0.0006202209469
Z1,555,0.000604960677556
G6,550,0.000599510581362
P8,531,0.000578800215824
B2,525,0.000572260100391
C9,498,0.000542829580942
34,486,0.000529749350076
C6,480,0.000523209234643
I3,479,0.000522119215404
K3,479,0.000522119215404
NS,477,0.000519939176926
A2,470,0.000512309042255
56,462,0.000503588888344
G1,459,0.000500318830627
D8,459,0.000500318830627
A9,449,0.000489418638239
Q5,446,0.000486148580522
M1,441,0.000480698484328
D3,438,0.000477428426612
K6,438,0.000477428426612
A4,435,0.000474158368895
51,434,0.000473068349656
MB,432,0.000470888311179
G8,432,0.000470888311179
E2,429,0.000467618253462
J9,427,0.000465438214984
L3,413,0.000450177945641
B5,408,0.000444727849447
N2,404,0.000440367772491
F9,402,0.000438187734014
G7,399,0.000434917676297
30,394,0.000429467580103
N6,388,0.00042292746467
I1,378,0.000412027272281
K8,374,0.000407667195326
H5,373,0.000406577176087
D7,371,0.000404397137609
NB,368,0.000401127079893
P7,362,0.00039458696446
M9,348,0.000379326695116
F4,348,0.000379326695116
J7,347,0.000378236675877
SK,343,0.000373876598922
B3,343,0.000373876598922
A3,337,0.000367336483489
D2,333,0.000362976406534
A1,326,0.000355346271862
B1,323,0.000352076214145
K9,319,0.00034771613719
D6,316,0.000344446079473
22,310,0.00033790596404
E5,307,0.000334635906324
L1,304,0.000331365848607
N3,302,0.00032918581013
U3,302,0.00032918581013
K1,300,0.000327005771652
O8,295,0.000321555675458
I4,294,0.000320465656219
P9,292,0.000318285617741
F6,282,0.000307385425353
L7,280,0.000305205386875
P2,278,0.000303025348397
E7,273,0.000297575252203
Y9,267,0.00029103513677
X4,265,0.000288855098292
78,264,0.000287765079054
O7,260,0.000283405002098
J5,250,0.00027250480971
60,246,0.000268144732755
C1,242,0.000263784655799
L2,240,0.000261604617321
D5,237,0.000258334559605
A5,236,0.000257244540366
N8,236,0.000257244540366
A6,231,0.000251794444172
97,226,0.000246344347978
V8,221,0.000240894251784
K5,216,0.000235444155589
Y6,208,0.000226724001679
N9,204,0.000222363924723
Y4,198,0.00021582380929
24,198,0.00021582380929
M5,192,0.000209283693857
Z4,192,0.000209283693857
O2,188,0.000204923616902
J2,188,0.000204923616902
42,182,0.000198383501469
32,182,0.000198383501469
U9,179,0.000195113443752
W1,178,0.000194023424513
J6,178,0.000194023424513
NL,177,0.000192933405275
W9,168,0.000183123232125
31,165,0.000179853174409
L6,163,0.000177673135931
J3,161,0.000175493097453
35,158,0.000172223039737
E9,157,0.000171133020498
M2,156,0.000170043001259
F7,154,0.000167862962781
58,154,0.000167862962781
X7,154,0.000167862962781
48,153,0.000166772943542
AE,152,0.000165682924304
G2,147,0.000160232828109
P4,146,0.000159142808871
53,143,0.000155872751154
Q1,140,0.000152602693438
Y1,140,0.000152602693438
Z5,137,0.000149332635721
55,136,0.000148242616482
W5,136,0.000148242616482
E3,134,0.000146062578005
X3,132,0.000143882539527
L5,130,0.000141702501049
Y5,129,0.00014061248181
C2,128,0.000139522462571
O3,126,0.000137342424094
83,125,0.000136252404855
W2,124,0.000135162385616
M7,121,0.0001318923279
U4,121,0.0001318923279
O4,119,0.000129712289422
E1,119,0.000129712289422
59,116,0.000126442231705
Z7,112,0.00012208215475
77,109,0.000118812097034
52,107,0.000116632058556
73,107,0.000116632058556
D1,107,0.000116632058556
Z3,106,0.000115542039317
81,106,0.000115542039317
V3,105,0.000114452020078
S6,105,0.000114452020078
ERROR,104,0.000113362000839
O1,103,0.0001122719816
R8,95,0.00010355182769
W6,92,0.000100281769973
W4,91,9.91917507344e-05
86,89,9.70117122567e-05
O6,86,9.37416545402e-05
99,85,9.26516353014e-05
Y7,84,9.15616160625e-05
Q2,84,9.15616160625e-05
38,83,9.04715968237e-05
S5,83,9.04715968237e-05
V7,81,8.8291558346e-05
36,80,8.72015391072e-05
54,80,8.72015391072e-05
Z8,78,8.50215006295e-05
J4,78,8.50215006295e-05
Z6,75,8.1751442913e-05
72,75,8.1751442913e-05
F5,74,8.06614236741e-05
T2,70,7.63013467188e-05
T6,70,7.63013467188e-05
Y8,70,7.63013467188e-05
L8,68,7.41213082411e-05
X9,67,7.30312890023e-05
W7,66,7.19412697634e-05
82,66,7.19412697634e-05
98,66,7.19412697634e-05
T1,65,7.08512505246e-05
S9,65,7.08512505246e-05
57,62,6.75811928081e-05
37,61,6.64911735692e-05
PE,61,6.64911735692e-05
39,60,6.54011543304e-05
66,60,6.54011543304e-05
33,60,6.54011543304e-05
V4,59,6.43111350915e-05
G9,58,6.32211158527e-05
84,58,6.32211158527e-05
68,57,6.21310966139e-05
74,56,6.1041077375e-05
61,55,5.99510581362e-05
80,54,5.88610388973e-05
Y3,54,5.88610388973e-05
T9,52,5.66810004197e-05
50,50,5.4500961942e-05
85,49,5.34109427031e-05
87,49,5.34109427031e-05
45,48,5.23209234643e-05
AP,48,5.23209234643e-05
T8,47,5.12309042255e-05
Q7,47,5.12309042255e-05
X6,47,5.12309042255e-05
Z2,46,5.01408849866e-05
47,46,5.01408849866e-05
75,46,5.01408849866e-05
65,45,4.90508657478e-05
U2,43,4.68708272701e-05
X8,43,4.68708272701e-05
V6,42,4.57808080313e-05
71,41,4.46907887924e-05
46,39,4.25107503147e-05
V5,36,3.92406925982e-05
Q6,36,3.92406925982e-05
R6,35,3.81506733594e-05
Y2,34,3.70606541205e-05
P5,34,3.70606541205e-05
41,33,3.59706348817e-05
X2,32,3.48806156429e-05
T7,31,3.3790596404e-05
U6,30,3.27005771652e-05
Q9,30,3.27005771652e-05
X1,30,3.27005771652e-05
L4,30,3.27005771652e-05
S1,28,3.05205386875e-05
76,24,2.61604617321e-05
R2,24,2.61604617321e-05
90,21,2.28904040156e-05
49,21,2.28904040156e-05
Q8,21,2.28904040156e-05
79,20,2.18003847768e-05
88,20,2.18003847768e-05
43,19,2.0710365538e-05
U1,19,2.0710365538e-05
M6,19,2.0710365538e-05
O9,19,2.0710365538e-05
S7,18,1.96203462991e-05
R9,17,1.85303270603e-05
R4,16,1.74403078214e-05
62,15,1.63502885826e-05
P1,15,1.63502885826e-05
63,15,1.63502885826e-05
91,15,1.63502885826e-05
R7,14,1.52602693438e-05
70,13,1.41702501049e-05
YT,12,1.30802308661e-05
NT,12,1.30802308661e-05
F1,11,1.19902116272e-05
H1,10,1.09001923884e-05
67,10,1.09001923884e-05
I8,8,8.72015391072e-06
T4,7,7.63013467188e-06
F3,7,7.63013467188e-06
H6,6,6.54011543304e-06
S2,6,6.54011543304e-06
G3,5,5.4500961942e-06
69,5,5.4500961942e-06
T3,5,5.4500961942e-06
E8,4,4.36007695536e-06
64,4,4.36007695536e-06
93,4,4.36007695536e-06
S3,3,3.27005771652e-06
W8,3,3.27005771652e-06
M8,2,2.18003847768e-06
U5,2,2.18003847768e-06
NU,2,2.18003847768e-06
V9,2,2.18003847768e-06
R1,2,2.18003847768e-06
92,2,2.18003847768e-06
PR,1,1.09001923884e-06
R5,1,1.09001923884e-06
AA,1,1.09001923884e-06
U7,1,1.09001923884e-06
O5,1,1.09001923884e-06
89,1,1.09001923884e-06
S4,1,1.09001923884e-06
