25000,224024,0.253151626099
35000,137230,0.155072660293
100000,129197,0.145995208715
15000,95984,0.108463850657
45000,62590,0.0707279589577
55000,51541,0.0582423667141
75000,41328,0.0467014712862
65000,37774,0.0426853797998
85000,32737,0.0369934684837
300000,25567,0.0288912242638
9500,7611,0.00860058309038
7500,7074,0.00799376228897
8500,7066,0.00798472212805
500000,5221,0.00589983501706
6500,5043,0.00569869143671
5000000,3928,0.0044387190092
5500,3625,0.00409632291455
900000,2559,0.00289172147264
4500,2168,0.00244988360793
700000,1353,0.00152891721473
3500,812,0.000917576332859
875,331,0.000374036657853
2500,164,0.000185323298755
1875,9,1.01701810292e-05
1625,2,2.26004022872e-06
1125,1,1.13002011436e-06
625,1,1.13002011436e-06
None,0,0.0
