0,200506,0.263951839775
501,46438,0.0611323129256
803,26213,0.0345075437943
504,18975,0.0249792333383
602,18330,0.0241301368691
807,17462,0.0229874768144
623,16840,0.0221686582038
511,16816,0.0221370639166
506,14747,0.0194133730719
524,12010,0.0158103078995
618,11279,0.0148479985677
539,9907,0.0130418584813
534,9686,0.0127509277531
819,9389,0.0123599484487
753,9049,0.0119123627129
505,8892,0.0117056834173
613,8496,0.0111843776781
510,7789,0.0102536626336
751,7530,0.00991270761725
528,7468,0.00983108904192
560,7017,0.00923737972779
616,6709,0.00883191970838
609,5909,0.00777877680084
825,5850,0.00770110751141
517,5832,0.00767741179599
535,5616,0.00739306321095
770,5443,0.0071653210572
512,5375,0.00707580391006
508,5373,0.00707317105279
862,5337,0.00702577962195
533,5175,0.00681251818317
820,5060,0.00666112889021
617,4451,0.00585942385184
635,4335,0.00570671813025
527,4277,0.00563036526945
839,4203,0.00553294955051
515,4114,0.00541578740204
641,3964,0.00521832310688
659,3964,0.00521832310688
548,3914,0.00515250167516
514,3381,0.004450845213
544,3350,0.00441003592534
566,3315,0.00436396092313
567,3278,0.00431525306366
571,3246,0.00427312734736
650,3162,0.00416254734206
521,3048,0.00401247447774
556,2993,0.00394007090285
518,2928,0.00385450304161
532,2883,0.00379526375306
561,2815,0.00370574660592
563,2795,0.00367941803323
622,2714,0.00357278731384
529,2694,0.00354645874115
790,2616,0.00344377730767
500,2495,0.0032844894429
542,2488,0.00327527444246
671,2487,0.00327395801383
630,2417,0.00318180800942
577,2416,0.00318049158078
538,2165,0.00285006799354
652,2142,0.00281979013495
744,2073,0.00272895655917
640,2061,0.00271315941556
555,2048,0.00269604584331
678,2046,0.00269341298604
541,2002,0.00263549012613
679,1958,0.00257756726621
789,1956,0.00257493440894
686,1903,0.00250516369132
669,1866,0.00245645583184
557,1825,0.00240248225783
693,1774,0.00233534439748
619,1753,0.00230769939615
752,1732,0.00228005439483
547,1709,0.00224977653624
658,1680,0.00221160010584
625,1639,0.00215762653183
564,1617,0.00212866510187
546,1615,0.0021260322446
513,1564,0.00205889438425
573,1508,0.00198517438072
523,1458,0.001919352949
866,1434,0.00188775866177
881,1408,0.00185353151728
588,1373,0.00180745651507
757,1350,0.00177717865648
648,1348,0.00177454579921
637,1346,0.00177191294194
507,1306,0.00171925579656
670,1301,0.00171267365339
551,1288,0.00169556008114
722,1262,0.00166133293665
543,1249,0.0016442193644
575,1239,0.00163105507806
574,1237,0.00162842222079
682,1217,0.0016020936481
675,1199,0.00157839793268
716,1172,0.00154285435955
612,1167,0.00153627221638
811,1151,0.00151520935823
519,1126,0.00148229864237
545,1126,0.00148229864237
691,1087,0.00143095792562
632,1065,0.00140199649567
725,1059,0.00139409792386
702,1051,0.00138356649478
530,1026,0.00135065577892
570,985,0.00129668220491
531,970,0.0012769357754
801,936,0.00123217720183
855,933,0.00122822791592
509,921,0.00121243077231
605,921,0.00121243077231
536,909,0.0011966336287
810,907,0.00119400077143
520,897,0.00118083648508
649,882,0.00116109005557
718,877,0.00115450791239
724,866,0.00114002719742
828,840,0.00110580005292
709,827,0.00108868648067
636,816,0.00107420576569
503,809,0.00106499076525
604,805,0.00105972505072
550,787,0.0010360293353
765,759,0.000999169333532
642,739,0.000972840760843
687,734,0.000966258617671
522,724,0.000953094331327
610,719,0.000946512188155
705,718,0.00094519575952
804,715,0.000941246473617
800,703,0.000925449330004
502,690,0.000908335757756
634,681,0.000896487900046
633,666,0.00087674147053
592,664,0.000874108613261
516,658,0.000866210041454
540,653,0.000859627898282
743,653,0.000859627898282
698,647,0.000851729326476
868,625,0.000822767896518
600,621,0.00081750218198
584,579,0.000762212179334
611,577,0.000759579322066
525,571,0.000751680750259
526,570,0.000750364321625
624,556,0.000731934320743
676,530,0.000697707176247
656,528,0.000695074318979
576,528,0.000695074318979
813,525,0.000691125033075
746,523,0.000688492175806
627,523,0.000688492175806
692,512,0.000674011460828
651,490,0.00064505003087
762,471,0.000620037886816
603,454,0.000597658600031
628,453,0.000596342171396
549,427,0.000562115026901
657,426,0.000560798598267
773,424,0.000558165740998
758,422,0.000555532883729
662,418,0.000550267169191
764,416,0.000547634311922
582,407,0.000535786454213
569,405,0.000533153596944
598,397,0.000522622167868
736,390,0.000513407167427
581,378,0.000497610023814
565,367,0.000483129308835
756,358,0.000471281451126
537,357,0.000469965022491
559,342,0.000450218592975
554,340,0.000447585735706
606,332,0.00043705430663
673,315,0.000414675019845
553,303,0.000398877876232
644,293,0.000385713589888
643,291,0.000383080732619
759,288,0.000379131446716
717,274,0.000360701445834
754,273,0.000359385017199
737,265,0.000348853588124
771,264,0.000347537159489
734,259,0.000340955016317
597,256,0.000337005730414
710,239,0.000314626443629
639,220,0.000289614299574
821,217,0.000285665013671
767,211,0.000277766441865
755,200,0.000263285726886
802,191,0.000251437869176
558,190,0.000250121440542
760,183,0.000240906440101
661,179,0.000235640725563
638,166,0.000218527153315
749,156,0.000205362866971
631,149,0.00019614786653
745,128,0.000168502865207
596,123,0.000161920722035
647,122,0.0001606042934
711,119,0.000156655007497
626,105,0.000138225006615
766,104,0.000136908577981
740,102,0.000134275720712
552,97,0.00012769357754
747,89,0.000117162148464
583,54,7.10871462592e-05
798,11,1.44807149787e-05
None,0,0.0
