3,133798,0.175882448825
2,129002,0.169577928395
1,119237,0.156741472597
4,107107,0.140796136312
0,99324,0.130565093253
5,78961,0.103797172168
6,51673,0.0679260809439
7,17863,0.0234815780756
8,9980,0.0131190812962
9,5040,0.00662526750832
10,3466,0.00455618594917
11,2285,0.00300371751121
12,1331,0.00174964901857
13,637,0.000837360198968
14,181,0.00023793123393
15,156,0.000205067803829
16,127,0.000166946224912
18,96,0.000126195571587
17,63,8.2815843854e-05
20,59,7.75576950379e-05
19,52,6.83559346097e-05
22,40,5.25814881613e-05
24,31,4.0750653325e-05
21,30,3.9436116121e-05
40,15,1.97180580605e-05
25,15,1.97180580605e-05
23,15,1.97180580605e-05
32,14,1.84035208564e-05
26,13,1.70889836524e-05
28,10,1.31453720403e-05
27,9,1.18308348363e-05
48,8,1.05162976323e-05
29,8,1.05162976323e-05
31,7,9.20176042822e-06
33,6,7.88722322419e-06
30,6,7.88722322419e-06
34,4,5.25814881613e-06
36,4,5.25814881613e-06
44,4,5.25814881613e-06
35,4,5.25814881613e-06
39,4,5.25814881613e-06
60,3,3.9436116121e-06
42,2,2.62907440806e-06
49,2,2.62907440806e-06
61,2,2.62907440806e-06
64,2,2.62907440806e-06
104,2,2.62907440806e-06
41,2,2.62907440806e-06
37,1,1.31453720403e-06
43,1,1.31453720403e-06
45,1,1.31453720403e-06
46,1,1.31453720403e-06
246,1,1.31453720403e-06
55,1,1.31453720403e-06
56,1,1.31453720403e-06
57,1,1.31453720403e-06
65,1,1.31453720403e-06
271,1,1.31453720403e-06
83,1,1.31453720403e-06
89,1,1.31453720403e-06
90,1,1.31453720403e-06
92,1,1.31453720403e-06
96,1,1.31453720403e-06
109,1,1.31453720403e-06
120,1,1.31453720403e-06
38,1,1.31453720403e-06
47,1,1.31453720403e-06
51,1,1.31453720403e-06
53,1,1.31453720403e-06
67,1,1.31453720403e-06
80,1,1.31453720403e-06
121,1,1.31453720403e-06
