2,221218,0.430947793715
3,136552,0.266012635172
1,70612,0.137557005351
4,47236,0.0920189586016
5,21329,0.0415503507497
6,5849,0.0113942520294
7,2813,0.0054799163889
8,1138,0.00221690183099
9,990,0.00192858770886
14,878,0.00171040404887
11,737,0.00143572640548
10,692,0.00134806332781
12,600,0.00116884103567
41,449,0.000874682708361
17,208,0.000405198225699
33,196,0.000381821404986
29,188,0.000366236857844
16,182,0.000354548447487
13,180,0.000350652310701
15,177,0.000344808105523
26,152,0.000296106395703
39,105,0.000204547181242
19,100,0.000194806839279
21,95,0.000185066497315
40,68,0.000132468650709
36,53,0.000103247624818
30,44,8.57150092825e-05
20,37,7.2078530533e-05
22,32,6.23381885691e-05
24,32,6.23381885691e-05
23,31,6.03901201763e-05
37,30,5.84420517836e-05
18,30,5.84420517836e-05
28,30,5.84420517836e-05
60,28,5.4545914998e-05
38,26,5.06497782124e-05
46,23,4.48055730341e-05
1000,23,4.48055730341e-05
25,16,3.11690942846e-05
32,14,2.7272957499e-05
34,14,2.7272957499e-05
51,13,2.53248891062e-05
35,11,2.14287523206e-05
43,9,1.75326155351e-05
61,9,1.75326155351e-05
66,9,1.75326155351e-05
42,8,1.55845471423e-05
31,8,1.55845471423e-05
136,7,1.36364787495e-05
134,6,1.16884103567e-05
64,6,1.16884103567e-05
102,6,1.16884103567e-05
65,5,9.74034196393e-06
47,4,7.79227357114e-06
45,3,5.84420517836e-06
44,3,5.84420517836e-06
52,2,3.89613678557e-06
27,2,3.89613678557e-06
48,2,3.89613678557e-06
62,2,3.89613678557e-06
117,1,1.94806839279e-06
56,1,1.94806839279e-06
90,1,1.94806839279e-06
123,1,1.94806839279e-06
55,1,1.94806839279e-06
88,1,1.94806839279e-06
91,1,1.94806839279e-06
None,0,0.0
