CA,61660,0.0810543640006
TX,45577,0.0599126621482
FL,40685,0.053481946146
NY,40677,0.0534714298484
ZZ,32834,0.0431615145572
PA,23892,0.0314069228787
IL,23037,0.0302829935693
OH,22314,0.0293325831708
NJ,21114,0.0277551385259
NC,18739,0.0246331126664
VA,17255,0.0226823394556
GA,16569,0.0217805669336
MI,16014,0.0210509987854
H9,14924,0.019618153233
MA,14713,0.0193407858829
MO,12237,0.0160859917657
WA,12159,0.0159834578638
AZ,11287,0.0148371814219
MD,11258,0.014799059843
WI,10303,0.0135436768131
CO,10106,0.0132847129839
MN,9681,0.0127260346722
IN,9566,0.0125748628938
TN,9069,0.0119215379034
CT,7121,0.00936081942991
SC,6735,0.00885340806916
LA,6508,0.00855500812384
07,6451,0.00848007950321
KY,6417,0.00843538523827
OR,6397,0.00840909449419
OK,6366,0.00836834384087
KS,5801,0.00762563032059
AL,5685,0.00747314400492
NV,5441,0.00715239692714
UT,5395,0.00709192821575
02,5217,0.00685794059343
IA,4936,0.0064885556391
ON,4537,0.00596405529469
DE,4349,0.00571692230033
AR,3809,0.00500707221016
04,3456,0.00454304057713
NE,3422,0.0044983463122
NM,2876,0.0037806089988
NH,2816,0.00370173676655
ME,2811,0.00369516408053
MS,2755,0.00362154999711
WV,2625,0.00345066016058
QC,2536,0.00333366634943
05,2466,0.00324164874514
I2,2348,0.00308653335507
A7,2328,0.00306024261099
ID,2307,0.0030326373297
DC,2180,0.00286569110479
RI,2092,0.00275001183083
HI,2083,0.002738180996
08,1923,0.00252785504335
00,1914,0.00251602420852
V2,1903,0.00250156429927
01,1886,0.0024792171668
L9,1829,0.00240428854617
N7,1748,0.00229781103265
F2,1719,0.00225968945373
H3,1665,0.00218870444471
H2,1612,0.0021190339729
B7,1612,0.0021190339729
F8,1596,0.00209800137763
H8,1587,0.0020861705428
E4,1568,0.00206119433592
06,1562,0.0020533071127
J8,1515,0.00199152386411
G5,1509,0.00198363664088
MT,1443,0.00189687718542
AB,1420,0.00186664282973
09,1391,0.00182852125081
27,1378,0.00181143226716
11,1336,0.00175622170459
SD,1329,0.00174701994416
ND,1288,0.00169312391879
BC,1272,0.00167209132353
U8,1265,0.0016628895631
I9,1263,0.00166026048869
21,1182,0.00155378297517
H4,1164,0.00153012130549
A8,1163,0.00152880676829
16,1157,0.00152091954506
C3,1156,0.00151960500786
P6,1133,0.00148937065217
J1,1110,0.00145913629648
K2,1110,0.00145913629648
15,1101,0.00144730546164
VT,1087,0.00142890194078
E6,1045,0.00137369137821
18,1021,0.00134214248532
B4,989,0.00130007729479
null,988,0.00129876275758
M4,979,0.00128693192275
03,975,0.00128167377393
I7,943,0.0012396085834
M3,943,0.0012396085834
N5,931,0.00122383413695
17,922,0.00121200330212
13,877,0.00115284912794
AK,876,0.00115153459073
20,849,0.00111604208622
B9,840,0.00110421125139
B6,827,0.00108712226773
26,811,0.00106608967247
H7,806,0.00105951698645
WY,792,0.00104111346559
D4,779,0.00102402448194
12,761,0.00100036281227
R3,753,0.000989846514636
Q3,747,0.000981959291412
D9,741,0.000974072068188
I6,738,0.000970128456576
N4,734,0.000964870307759
14,727,0.000955668547331
C8,726,0.000954354010127
10,684,0.000899143447558
C5,679,0.000892570761538
X5,672,0.000883369001109
Q4,657,0.000863650943049
K7,645,0.000847876496601
B8,634,0.000833416587356
19,605,0.000795295008439
40,602,0.000791351396827
K4,596,0.000783464173603
V1,578,0.00075980250393
T5,561,0.000737455371462
C7,552,0.000725624536626
I3,537,0.000705906478565
N1,508,0.000667784899648
K3,508,0.000667784899648
P8,507,0.000666470362444
Z1,506,0.00066515582524
C6,498,0.000654639527608
P3,497,0.000653324990404
B2,496,0.0006520104532
E2,496,0.0006520104532
25,489,0.000642808692772
Q5,486,0.00063886508116
34,485,0.000637550543955
C9,479,0.000629663320731
G6,476,0.000625719709119
G8,471,0.000619147023099
J9,456,0.000599428965039
N6,453,0.000595485353426
G7,448,0.000588912667406
F9,448,0.000588912667406
A2,445,0.000584969055794
A4,445,0.000584969055794
G1,444,0.00058365451859
29,444,0.00058365451859
K6,442,0.000581025444182
D8,441,0.000579710906978
K8,437,0.000574452758162
28,437,0.000574452758162
23,435,0.000571823683754
L3,431,0.000566565534938
M1,425,0.000558678311714
D3,418,0.000549476551285
P7,416,0.000546847476877
A9,413,0.000542903865265
MB,410,0.000538960253653
N2,402,0.000528443956021
F4,391,0.000513984046776
D7,380,0.000499524137532
A1,379,0.000498209600328
H5,372,0.0004890078399
44,361,0.000474547930656
O8,358,0.000470604319043
NS,352,0.000462717095819
D2,350,0.000460088021411
M9,336,0.000441684500555
B1,336,0.000441684500555
B5,335,0.000440369963351
I1,330,0.000433797277331
D6,329,0.000432482740127
L7,325,0.00042722459131
P9,323,0.000424595516902
J7,320,0.00042065190529
I4,320,0.00042065190529
56,315,0.00041407921927
K1,309,0.000406191996046
A3,303,0.000398304772822
NB,299,0.000393046624006
K9,295,0.000387788475189
L1,294,0.000386473937985
51,293,0.000385159400781
30,293,0.000385159400781
N3,292,0.000383844863577
O7,288,0.000378586714761
U3,286,0.000375957640353
SK,284,0.000373328565945
F6,275,0.000361497731109
X4,274,0.000360183193905
N8,272,0.000357554119497
E5,271,0.000356239582293
A5,269,0.000353610507885
J5,264,0.000347037821864
P2,262,0.000344408747456
Y9,261,0.000343094210252
B3,249,0.000327319763804
V8,248,0.0003260052266
22,247,0.000324690689396
L2,244,0.000320747077784
D5,233,0.000306287168539
K5,222,0.000291827259295
M5,216,0.000283940036071
A6,212,0.000278681887255
O2,210,0.000276052812847
W9,207,0.000272109201235
E3,203,0.000266851052418
Y6,201,0.00026422197801
Z4,198,0.000260278366398
J3,198,0.000260278366398
W1,193,0.000253705680378
L6,191,0.00025107660597
J2,191,0.00025107660597
Y4,190,0.000249762068766
60,187,0.000245818457154
C1,186,0.00024450391995
J6,182,0.000239245771134
97,181,0.00023793123393
M7,176,0.00023135854791
NL,175,0.000230044010706
78,174,0.000228729473502
N9,173,0.000227414936298
Q1,171,0.000224785861889
AE,165,0.000216898638665
U9,165,0.000216898638665
W5,149,0.000195866043401
Z5,145,0.000190607894585
42,145,0.000190607894585
M2,140,0.000184035208564
O1,136,0.000178777059748
24,135,0.000177462522544
32,135,0.000177462522544
Y1,134,0.00017614798534
35,133,0.000174833448136
F7,133,0.000174833448136
48,132,0.000173518910932
U4,131,0.000172204373728
C2,130,0.000170889836524
X3,126,0.000165631687708
P4,124,0.0001630026133
E9,124,0.0001630026133
O3,123,0.000161688076096
53,121,0.000159059001688
Y5,117,0.000153800852872
X7,115,0.000151171778464
Z7,112,0.000147228166852
O4,112,0.000147228166852
G2,110,0.000144599092444
W2,108,0.000141970018035
E1,107,0.000140655480831
E7,107,0.000140655480831
59,107,0.000140655480831
31,101,0.000132768257607
58,101,0.000132768257607
D1,99,0.000130139183199
55,97,0.000127510108791
S6,95,0.000124881034383
J4,94,0.000123566497179
83,93,0.000122251959975
R8,93,0.000122251959975
W6,90,0.000118308348363
38,89,0.000116993811159
Q2,86,0.000113050199547
Y7,86,0.000113050199547
L5,84,0.000110421125139
S5,84,0.000110421125139
Z8,83,0.000109106587935
ERROR,83,0.000109106587935
W7,83,0.000109106587935
86,83,0.000109106587935
T6,75,9.85902903024e-05
O6,73,9.59612158943e-05
54,73,9.59612158943e-05
99,73,9.59612158943e-05
V7,71,9.33321414863e-05
77,71,9.33321414863e-05
Z6,70,9.20176042822e-05
52,69,9.07030670782e-05
81,69,9.07030670782e-05
V3,69,9.07030670782e-05
L8,68,8.93885298742e-05
G9,66,8.67594554661e-05
W4,66,8.67594554661e-05
S9,64,8.4130381058e-05
PE,63,8.2815843854e-05
73,61,8.01867694459e-05
39,61,8.01867694459e-05
F5,61,8.01867694459e-05
Z3,59,7.75576950379e-05
66,59,7.75576950379e-05
V4,59,7.75576950379e-05
68,58,7.62431578339e-05
Y8,56,7.36140834258e-05
T1,54,7.09850090177e-05
72,54,7.09850090177e-05
Y3,54,7.09850090177e-05
X9,53,6.96704718137e-05
47,51,6.70413974056e-05
98,50,6.57268602016e-05
T9,49,6.44123229976e-05
X8,49,6.44123229976e-05
57,48,6.30977857935e-05
87,47,6.17832485895e-05
X1,46,6.04687113855e-05
82,45,5.91541741814e-05
85,45,5.91541741814e-05
T7,44,5.78396369774e-05
74,43,5.65250997734e-05
T2,43,5.65250997734e-05
61,42,5.52105625693e-05
80,42,5.52105625693e-05
36,42,5.52105625693e-05
Z2,42,5.52105625693e-05
Q6,42,5.52105625693e-05
X6,42,5.52105625693e-05
Q7,41,5.38960253653e-05
41,41,5.38960253653e-05
37,40,5.25814881613e-05
U2,40,5.25814881613e-05
45,39,5.12669509572e-05
AP,38,4.99524137532e-05
33,37,4.86378765492e-05
84,37,4.86378765492e-05
50,36,4.73233393452e-05
V6,35,4.60088021411e-05
V5,34,4.46942649371e-05
Q8,33,4.33797277331e-05
R4,33,4.33797277331e-05
T8,32,4.2065190529e-05
Q9,31,4.0750653325e-05
L4,31,4.0750653325e-05
Y2,29,3.81215789169e-05
R2,28,3.68070417129e-05
X2,28,3.68070417129e-05
R6,28,3.68070417129e-05
71,27,3.54925045089e-05
S1,26,3.41779673048e-05
49,25,3.28634301008e-05
46,24,3.15488928968e-05
88,24,3.15488928968e-05
P5,23,3.02343556927e-05
75,22,2.89198184887e-05
U1,21,2.76052812847e-05
43,20,2.62907440806e-05
U6,20,2.62907440806e-05
S7,20,2.62907440806e-05
91,20,2.62907440806e-05
76,18,2.36616696726e-05
O9,17,2.23471324685e-05
65,16,2.10325952645e-05
90,16,2.10325952645e-05
70,15,1.97180580605e-05
62,14,1.84035208564e-05
I8,13,1.70889836524e-05
63,12,1.57744464484e-05
NT,11,1.44599092444e-05
67,11,1.44599092444e-05
R7,11,1.44599092444e-05
P1,10,1.31453720403e-05
79,10,1.31453720403e-05
89,9,1.18308348363e-05
R9,9,1.18308348363e-05
YT,7,9.20176042822e-06
T3,7,9.20176042822e-06
64,7,9.20176042822e-06
T4,6,7.88722322419e-06
H1,5,6.57268602016e-06
F1,5,6.57268602016e-06
S3,5,6.57268602016e-06
69,4,5.25814881613e-06
E8,4,5.25814881613e-06
S2,4,5.25814881613e-06
U5,3,3.9436116121e-06
O5,3,3.9436116121e-06
92,3,3.9436116121e-06
M6,3,3.9436116121e-06
H6,3,3.9436116121e-06
93,3,3.9436116121e-06
AA,2,2.62907440806e-06
NU,2,2.62907440806e-06
F3,2,2.62907440806e-06
M8,1,1.31453720403e-06
W3,1,1.31453720403e-06
G3,1,1.31453720403e-06
W8,1,1.31453720403e-06
S4,1,1.31453720403e-06
