25000,192518,0.261968814338
35000,113684,0.154695471017
100000,100446,0.136681866241
15000,84949,0.115594327851
45000,51883,0.0705997776535
55000,40593,0.0552369133298
75000,30963,0.042132893539
65000,30500,0.0415028664193
85000,24822,0.0337765295167
300000,21218,0.0288723875306
8500,8094,0.0110139082229
9500,7861,0.0106968535384
7500,5988,0.00814816931537
6500,5402,0.00735076998023
500000,4293,0.00584169854223
5500,3594,0.00489053448888
4500,2559,0.00348215853006
5000000,1667,0.00226836978101
700000,1483,0.00201799183278
900000,1108,0.00150771068828
3500,672,0.000914423810943
875,413,0.000561989633809
2500,134,0.000182340462301
1875,27,3.6740242404e-05
1625,11,1.49682469053e-05
1125,5,6.80374859332e-06
1375,1,1.36074971866e-06
625,1,1.36074971866e-06
None,0,0.0
