0,205115,0.260229533321
501,50776,0.0644195440797
803,26754,0.0339428171244
504,21761,0.0276081947912
511,19581,0.0248424273796
602,19027,0.0241395672208
807,16536,0.0209792339078
623,16297,0.020676014453
506,16274,0.0206468343381
524,13567,0.0172124616852
618,11456,0.0145342346183
539,9776,0.0124028175304
751,9462,0.0120044455271
753,9322,0.0118268274364
819,9293,0.0117900351176
613,9264,0.0117532427989
505,9047,0.0114779347583
534,8907,0.0113003166677
510,8340,0.0105809634005
528,8137,0.0103234171691
560,6788,0.00861193999553
616,6253,0.0079331851491
535,6104,0.00774414875261
517,5996,0.00760712908268
508,5872,0.00744981020238
609,5844,0.00741428658425
512,5764,0.00731279053245
533,5472,0.00694232994337
825,5335,0.00676851795465
862,5112,0.00648559771025
820,5080,0.00644499928953
770,4981,0.00631939792542
515,4682,0.0059400564318
617,4455,0.00565206138481
527,4341,0.00550742951099
839,4330,0.00549347380387
659,4294,0.00544780058056
635,4237,0.00537548464365
641,3919,0.00497203783773
544,3814,0.00483882426974
514,3650,0.00463075736354
548,3646,0.00462568256095
566,3512,0.00445567667418
521,3338,0.0042349227615
567,3307,0.00419559304143
556,3209,0.00407126037797
571,3062,0.00388476138278
650,2948,0.00374012950896
532,2920,0.00370460589083
563,2915,0.00369826238759
630,2899,0.00367796317723
529,2879,0.00365258916428
518,2877,0.00365005176299
561,2876,0.00364878306234
622,2730,0.0034635527678
542,2627,0.0033328766011
790,2576,0.00326817286808
577,2466,0.00312861579685
500,2399,0.00304361285346
640,2317,0.00293957940036
538,2305,0.00292435499259
555,2290,0.00290532448288
652,2282,0.0028951748777
541,2155,0.00273404989546
671,2143,0.00271882548769
686,2119,0.00268837667215
669,2051,0.00260210502811
557,1996,0.0025323264925
789,1976,0.00250695247955
679,1974,0.00250441507825
744,1969,0.00249807157502
752,1966,0.00249426547307
678,1953,0.00247777236466
693,1908,0.00242068083552
564,1856,0.00235470840184
658,1792,0.0022735115604
573,1739,0.00220627042608
547,1721,0.00218343381442
513,1704,0.00216186590342
625,1684,0.00213649189047
546,1620,0.00205529504902
866,1619,0.00205402634838
619,1561,0.00198044171082
637,1500,0.00190305097132
523,1454,0.00184469074153
757,1438,0.00182439153117
648,1416,0.00179648011692
881,1407,0.0017850618111
543,1392,0.00176603130138
588,1377,0.00174700079167
716,1305,0.00165565434505
575,1301,0.00165057954246
574,1298,0.00164677344051
551,1269,0.00160998112173
507,1253,0.00158968191137
722,1247,0.00158206970749
682,1193,0.00151355987252
691,1191,0.00151102247123
811,1167,0.00148057365568
702,1152,0.00146154314597
519,1151,0.00146027444532
675,1147,0.00145519964273
612,1119,0.0014196760246
545,1108,0.00140572031748
670,1097,0.00139176461036
632,1087,0.00137907760388
725,1081,0.0013714654
530,1060,0.0013448226864
718,1057,0.00134101658445
531,1050,0.00133213567992
724,1048,0.00132959827863
801,1035,0.00131310517021
570,1017,0.00129026855855
810,998,0.00126616324625
855,974,0.00123571443071
649,947,0.00120145951322
520,940,0.00119257860869
536,931,0.00118116030286
509,924,0.00117227939833
503,887,0.00112533747437
765,880,0.00111645656984
605,851,0.00107966425106
636,840,0.00106570854394
709,830,0.00105302153746
550,803,0.00101876661998
642,783,0.000993392607028
698,780,0.000989586505085
516,779,0.000988317804437
522,777,0.000985780403142
828,774,0.0009819743012
687,772,0.000979436899905
502,763,0.000968018594077
705,763,0.000968018594077
610,745,0.000945181982421
604,715,0.000907120962995
540,705,0.000894433956519
592,703,0.000891896555224
804,701,0.000889359153929
611,674,0.000855104236445
800,669,0.000848760733207
584,657,0.000833536325437
634,650,0.000824655420904
600,645,0.000818311917666
743,637,0.000808162312486
633,614,0.000778982197593
525,605,0.000767563891765
624,602,0.000763757789822
868,597,0.000757414286584
576,593,0.000752339483994
651,572,0.000725696770396
526,571,0.000724428069748
676,557,0.000706666260682
656,538,0.000682560948379
628,512,0.000649574731543
692,508,0.000644499928953
627,501,0.00063561902442
813,485,0.000615319814059
762,469,0.000595020603699
603,465,0.000589945801108
746,457,0.000579796195928
764,457,0.000579796195928
606,438,0.000555690883625
773,423,0.000536660373911
559,422,0.000535391673264
662,422,0.000535391673264
758,419,0.000531585571321
569,417,0.000529048170026
673,416,0.000527779469379
598,414,0.000525242068084
582,413,0.000523973367436
549,400,0.000507480259018
756,394,0.000499868055133
736,391,0.00049606195319
581,391,0.00049606195319
554,377,0.000478300144124
565,372,0.000471956640887
644,354,0.000449120029231
657,348,0.000441507825346
537,348,0.000441507825346
759,341,0.000432626920813
553,336,0.000426283417575
643,315,0.000399640703977
717,305,0.000386953697501
754,296,0.000375535391673
737,294,0.000372997990378
597,292,0.000370460589083
771,291,0.000369191888436
734,281,0.00035650488196
710,250,0.000317175161886
821,239,0.000303219454763
767,216,0.00027403933987
639,213,0.000270233237927
661,186,0.000235978320443
760,186,0.000235978320443
755,182,0.000230903517853
802,171,0.00021694781073
631,170,0.000215679110083
558,168,0.000213141708788
647,159,0.00020172340296
596,157,0.000199186001665
749,153,0.000194111199074
638,146,0.000185230294542
711,130,0.000164931084181
745,123,0.000156050179648
766,123,0.000156050179648
740,100,0.000126870064754
747,93,0.000117989160222
626,86,0.000109108255689
552,76,9.64212492134e-05
583,45,5.70915291395e-05
798,8,1.01496051804e-05
None,0,0.0
