3,137720,0.174584581996
2,127126,0.161154803738
1,124542,0.15787912439
0,117034,0.148361399719
4,111892,0.141843000644
5,82886,0.10507273935
6,49088,0.0622277661997
7,17931,0.0227307300303
8,9001,0.0114103675758
9,4917,0.00623317157765
10,2816,0.00356978059033
11,2182,0.0027660728864
12,895,0.00113457160098
13,494,0.000626232816628
14,66,8.36667325859e-05
15,47,5.95808550233e-05
16,38,4.81717551252e-05
18,38,4.81717551252e-05
17,22,2.7888910862e-05
20,17,2.15505220297e-05
19,15,1.90151664968e-05
24,12,1.52121331974e-05
22,11,1.3944455431e-05
21,11,1.3944455431e-05
23,4,5.07071106581e-06
31,4,5.07071106581e-06
25,4,5.07071106581e-06
26,4,5.07071106581e-06
35,3,3.80303329936e-06
40,3,3.80303329936e-06
28,3,3.80303329936e-06
29,3,3.80303329936e-06
62,2,2.53535553291e-06
27,2,2.53535553291e-06
30,2,2.53535553291e-06
32,1,1.26767776645e-06
34,1,1.26767776645e-06
39,1,1.26767776645e-06
49,1,1.26767776645e-06
55,1,1.26767776645e-06
70,1,1.26767776645e-06
33,1,1.26767776645e-06
67,1,1.26767776645e-06
72,1,1.26767776645e-06
