2,241924,0.447756995162
3,133016,0.246188242872
1,66978,0.123964005316
4,56596,0.104748825657
5,23796,0.0440420357504
6,6050,0.0111974414309
7,3763,0.00696462348835
10,1718,0.00317970320302
8,1223,0.00226354890413
9,1087,0.00201183782403
11,667,0.00123449478255
12,492,0.000910601848596
13,354,0.000655189134965
24,278,0.000514527060792
36,248,0.000459002557829
15,233,0.000431240306347
31,201,0.000372014169853
17,196,0.000362760086026
39,193,0.00035720763573
16,170,0.000314638850125
14,164,0.000303533949532
26,127,0.000235053729211
18,91,0.000168424325655
29,72,0.000133258807112
34,69,0.000127706356815
22,36,6.66294035558e-05
23,33,6.10769532595e-05
40,32,5.9226136494e-05
25,32,5.9226136494e-05
42,31,5.73753197286e-05
41,30,5.55245029632e-05
32,28,5.18228694323e-05
60,27,4.99720526668e-05
45,25,4.6270419136e-05
20,24,4.44196023705e-05
28,24,4.44196023705e-05
61,23,4.25687856051e-05
30,22,4.07179688396e-05
37,20,3.70163353088e-05
102,20,3.70163353088e-05
38,19,3.51655185433e-05
19,17,3.14638850125e-05
94,17,3.14638850125e-05
21,16,2.9613068247e-05
27,15,2.77622514816e-05
1000,13,2.40606179507e-05
33,12,2.22098011853e-05
35,9,1.66573508889e-05
56,9,1.66573508889e-05
77,8,1.48065341235e-05
43,7,1.29557173581e-05
48,5,9.25408382719e-06
134,5,9.25408382719e-06
51,4,7.40326706175e-06
145,4,7.40326706175e-06
64,4,7.40326706175e-06
47,3,5.55245029632e-06
44,2,3.70163353088e-06
55,2,3.70163353088e-06
86,2,3.70163353088e-06
108,2,3.70163353088e-06
123,2,3.70163353088e-06
65,2,3.70163353088e-06
81,2,3.70163353088e-06
117,1,1.85081676544e-06
52,1,1.85081676544e-06
54,1,1.85081676544e-06
74,1,1.85081676544e-06
87,1,1.85081676544e-06
88,1,1.85081676544e-06
53,1,1.85081676544e-06
90,1,1.85081676544e-06
None,0,0.0
