CA,60800,0.0770748082004
TX,45251,0.0573636866098
NY,43947,0.0557106348023
FL,40268,0.0510468482995
ZZ,28435,0.0360464172891
PA,25841,0.0327580611629
OH,24178,0.0306499130373
IL,23857,0.0302429884743
NJ,23228,0.0294456191592
VA,19506,0.0247273225124
NC,18569,0.0235395084453
GA,18412,0.0233404830359
MI,16594,0.0210358448565
MA,16405,0.0207962537587
H9,12774,0.0161933157887
MD,12644,0.016028517679
CO,12331,0.0156317345381
WA,12069,0.0152996029633
MO,11653,0.0147722490125
AZ,11576,0.0146746378245
WI,10728,0.0135996470785
MN,10615,0.0134563994909
TN,9882,0.0125271916881
IN,9611,0.0121836510134
07,8410,0.0106611700159
CT,7557,0.00957984088109
02,7557,0.00957984088109
KY,6926,0.00877993621045
LA,6856,0.0086911987668
SC,6836,0.00866584521147
AL,6598,0.00836413790306
OR,6553,0.00830709240357
OK,5764,0.00730689464584
DE,5570,0.00706096515914
NV,5560,0.00704828838148
ON,5497,0.00696842468219
KS,5401,0.00684672761661
IA,5212,0.00660713651875
UT,4936,0.00625725745521
04,4910,0.00622429783329
AR,3723,0.00471956432451
NE,3566,0.00452053891517
MS,3101,0.00393106875377
WV,3035,0.00384740202119
NH,2882,0.00365344732292
NM,2800,0.00354949774607
05,2797,0.00354569471277
08,2725,0.00345442191358
ME,2700,0.00342272996942
DC,2632,0.0033365278813
01,2407,0.00305130038385
ID,2339,0.00296509829573
QC,2335,0.00296002758467
I2,2290,0.00290298208518
RI,2279,0.00288903762975
A7,2209,0.0028003001861
HI,1971,0.00249859287768
00,1901,0.00240985543403
11,1755,0.00222477448013
V2,1742,0.00220829466916
06,1720,0.0021804057583
BC,1711,0.0021689966584
N7,1677,0.00212589561434
09,1665,0.00211068348114
L9,1645,0.00208532992582
B7,1628,0.00206377940379
H3,1609,0.00203969352622
H2,1571,0.0019915217711
MT,1482,0.00187869844988
E4,1469,0.00186221863892
H8,1448,0.00183559740582
F2,1447,0.00183432972806
ND,1446,0.00183306205029
27,1431,0.00181404688379
F8,1424,0.00180517313943
17,1416,0.0017950317173
G5,1401,0.0017760165508
15,1387,0.00175826906207
A8,1378,0.00174685996217
J8,1376,0.00174432460664
AB,1366,0.00173164782898
SD,1353,0.00171516801801
16,1300,0.00164798109639
21,1253,0.00158840024137
18,1196,0.00151614260868
I9,1192,0.00151107189761
26,1184,0.00150093047548
03,1180,0.00149585976441
C3,1163,0.00147430924239
VT,1162,0.00147304156462
H4,1150,0.00145782943142
12,1127,0.00142867284279
U8,1122,0.00142233445396
K2,1011,0.00128162222188
E6,1004,0.00127274847752
B4,991,0.00125626866656
13,984,0.00124739492219
14,961,0.00121823833356
20,959,0.00121570297803
B9,958,0.00121443530026
J1,935,0.00118527871163
M4,923,0.00117006657844
P6,907,0.00114978373417
40,906,0.00114851605641
M3,905,0.00114724837864
10,889,0.00112696553438
I7,878,0.00111302107895
WY,876,0.00111048572341
AK,856,0.00108513216808
N5,831,0.00105344022392
N4,785,0.000995127046666
D4,779,0.000987520980067
19,773,0.000979914913468
H7,743,0.000941884580475
B6,730,0.000925404769511
R3,700,0.000887374436517
Q3,695,0.000881036047685
I6,691,0.000875965336619
B8,690,0.000874697658853
25,669,0.000848076425757
X5,658,0.000834131970326
34,649,0.000822722870428
K4,641,0.000812581448296
Q4,637,0.000807510737231
C5,633,0.000802440026165
28,630,0.000798636992866
C8,604,0.000765677370938
N1,599,0.000759338982105
29,590,0.000747929882207
V1,576,0.000730182393477
Z1,566,0.000717505615813
B2,559,0.000708631871447
K7,557,0.000706096515914
T5,540,0.000684545993885
23,534,0.000676939927286
D9,532,0.000674404571753
I3,522,0.000661727794089
C7,516,0.00065412172749
null,513,0.00065031869419
P3,492,0.000623697461095
G6,491,0.000622429783329
C6,482,0.00061102068343
Q5,481,0.000609753005664
C9,473,0.000599611583532
J9,473,0.000599611583532
P8,458,0.000580596417036
A2,448,0.000567919639371
E2,447,0.000566651961605
D8,446,0.000565384283838
K3,446,0.000565384283838
K6,441,0.000559045895006
G1,436,0.000552707506174
N2,418,0.000529889306377
51,415,0.000526086273078
D3,414,0.000524818595312
G8,409,0.000518480206479
A9,406,0.00051467717318
L3,405,0.000513409495414
M1,404,0.000512141817647
30,402,0.000509606462114
P7,401,0.000508338784348
G7,399,0.000505803428815
A4,391,0.000495662006683
NS,388,0.000491858973384
MB,381,0.000482985229019
B5,374,0.000474111484653
A1,369,0.000467773095821
56,369,0.000467773095821
H5,366,0.000463970062522
F9,366,0.000463970062522
B1,365,0.000462702384755
D7,363,0.000460167029223
J7,360,0.000456363995923
N6,356,0.000451293284857
I1,348,0.000441151862726
D6,340,0.000431010440594
F4,339,0.000429742762828
K8,337,0.000427207407295
O8,336,0.000425939729528
A3,325,0.000411995274097
M9,321,0.000406924563031
K9,320,0.000405656885265
D2,315,0.000399318496433
NB,309,0.000391712429834
U3,296,0.00037523261887
K1,292,0.000370161907804
B3,290,0.000367626552271
F6,289,0.000366358874505
N3,286,0.000362555841206
L7,285,0.000361288163439
X4,283,0.000358752807906
P9,273,0.000346076030242
22,269,0.000341005319176
SK,267,0.000338469963643
O7,267,0.000338469963643
E5,266,0.000337202285877
L2,262,0.000332131574811
I4,260,0.000329596219278
P2,247,0.000313116408314
N8,236,0.000299171952883
A5,231,0.000292833564051
L1,231,0.000292833564051
E7,229,0.000290298208518
Y9,228,0.000289030530751
J5,227,0.000287762852985
78,221,0.000280156786386
D5,218,0.000276353753087
C1,216,0.000273818397554
L6,213,0.000270015364255
97,213,0.000270015364255
Y6,212,0.000268747686488
A6,210,0.000266212330955
60,209,0.000264944653189
V8,201,0.000254803231057
J2,201,0.000254803231057
32,198,0.000251000197758
O2,194,0.000245929486692
AE,191,0.000242126453393
J6,191,0.000242126453393
Y4,190,0.000240858775626
M5,190,0.000240858775626
K5,186,0.00023578806456
48,185,0.000234520386794
24,185,0.000234520386794
M7,184,0.000233252709027
U9,174,0.000220575931363
J3,173,0.000219308253596
Z4,172,0.00021804057583
E3,171,0.000216772898063
M2,167,0.000211702186998
W1,167,0.000211702186998
N9,162,0.000205363798165
X3,156,0.000197757731567
83,156,0.000197757731567
C2,153,0.000193954698267
Y5,153,0.000193954698267
Q1,152,0.000192687020501
59,151,0.000191419342734
NL,148,0.000187616309435
W5,145,0.000183813276136
35,144,0.000182545598369
Z7,143,0.000181277920603
Z5,142,0.000180010242836
X7,137,0.000173671854004
31,136,0.000172404176238
42,134,0.000169868820705
58,134,0.000169868820705
F7,134,0.000169868820705
O4,133,0.000168601142938
W9,133,0.000168601142938
D1,131,0.000166065787405
P4,128,0.000162262754106
G2,126,0.000159727398573
U4,126,0.000159727398573
38,125,0.000158459720807
53,125,0.000158459720807
55,123,0.000155924365274
Y1,122,0.000154656687507
52,117,0.000148318298675
O1,113,0.000143247587609
O6,112,0.000141979909843
73,110,0.00013944455431
E9,109,0.000138176876543
66,103,0.000130570809945
68,101,0.000128035454412
ERROR,101,0.000128035454412
W2,101,0.000128035454412
81,101,0.000128035454412
99,100,0.000126767776645
O3,98,0.000124232421112
47,95,0.000120429387813
54,92,0.000116626354514
86,92,0.000116626354514
R8,92,0.000116626354514
E1,92,0.000116626354514
L5,91,0.000115358676747
V3,86,0.000109020287915
82,85,0.000107752610149
S5,84,0.000106484932382
77,83,0.000105217254616
Y7,83,0.000105217254616
W4,82,0.000103949576849
Z8,82,0.000103949576849
J4,80,0.000101414221316
44,79,0.00010014654355
W6,75,9.5075832484e-05
W7,74,9.38081547175e-05
Z3,74,9.38081547175e-05
37,73,9.25404769511e-05
57,73,9.25404769511e-05
X9,73,9.25404769511e-05
98,71,9.00051214182e-05
71,70,8.87374436517e-05
S9,70,8.87374436517e-05
Y8,69,8.74697658853e-05
Z6,67,8.49344103524e-05
72,67,8.49344103524e-05
L8,67,8.49344103524e-05
F5,66,8.36667325859e-05
39,64,8.1131377053e-05
61,64,8.1131377053e-05
65,62,7.85960215201e-05
G9,61,7.73283437536e-05
T6,60,7.60606659872e-05
Q2,60,7.60606659872e-05
V7,58,7.35253104543e-05
V4,57,7.22576326878e-05
PE,57,7.22576326878e-05
S6,57,7.22576326878e-05
85,52,6.59192438556e-05
Y3,51,6.46515660891e-05
T2,50,6.33838883227e-05
80,50,6.33838883227e-05
V6,49,6.21162105562e-05
T7,48,6.08485327898e-05
33,48,6.08485327898e-05
U2,47,5.95808550233e-05
74,47,5.95808550233e-05
41,47,5.95808550233e-05
T1,44,5.57778217239e-05
X6,44,5.57778217239e-05
X2,43,5.45101439575e-05
45,43,5.45101439575e-05
36,42,5.3242466191e-05
84,41,5.19747884246e-05
87,39,4.94394328917e-05
76,38,4.81717551252e-05
R6,38,4.81717551252e-05
Q6,37,4.69040773588e-05
X8,36,4.56363995923e-05
90,36,4.56363995923e-05
V5,34,4.31010440594e-05
Q7,34,4.31010440594e-05
50,33,4.1833366293e-05
T8,33,4.1833366293e-05
46,32,4.05656885265e-05
T9,31,3.929801076e-05
75,31,3.929801076e-05
Z2,31,3.929801076e-05
Y2,30,3.80303329936e-05
L4,29,3.67626552271e-05
Q8,29,3.67626552271e-05
79,28,3.54949774607e-05
U6,28,3.54949774607e-05
R4,28,3.54949774607e-05
91,26,3.29596219278e-05
88,26,3.29596219278e-05
AP,25,3.16919441613e-05
70,25,3.16919441613e-05
X1,25,3.16919441613e-05
U1,23,2.91565886284e-05
S1,23,2.91565886284e-05
43,22,2.7888910862e-05
62,22,2.7888910862e-05
Q9,21,2.66212330955e-05
R2,20,2.53535553291e-05
P5,18,2.28181997962e-05
S7,18,2.28181997962e-05
49,16,2.02828442633e-05
O9,15,1.90151664968e-05
63,15,1.90151664968e-05
67,15,1.90151664968e-05
F1,13,1.64798109639e-05
P1,11,1.3944455431e-05
R7,10,1.26767776645e-05
I8,9,1.14090998981e-05
T3,8,1.01414221316e-05
R9,7,8.87374436517e-06
93,6,7.60606659872e-06
NT,6,7.60606659872e-06
69,6,7.60606659872e-06
F3,6,7.60606659872e-06
S2,6,7.60606659872e-06
H1,5,6.33838883227e-06
H6,5,6.33838883227e-06
S3,5,6.33838883227e-06
T4,5,6.33838883227e-06
YT,4,5.07071106581e-06
64,4,5.07071106581e-06
M6,4,5.07071106581e-06
G3,3,3.80303329936e-06
W8,3,3.80303329936e-06
U5,3,3.80303329936e-06
NU,2,2.53535553291e-06
E8,2,2.53535553291e-06
92,2,2.53535553291e-06
89,2,2.53535553291e-06
O5,1,1.26767776645e-06
C4,1,1.26767776645e-06
M8,1,1.26767776645e-06
W3,1,1.26767776645e-06
S4,1,1.26767776645e-06
