25000,199839,0.261487571296
35000,119375,0.156201136032
100000,105050,0.137456999708
15000,86978,0.113809946888
45000,61070,0.0799095570888
55000,42401,0.0554813350274
65000,30115,0.0394052122438
75000,29558,0.0386763826499
85000,25642,0.0335523311425
300000,24023,0.0314338839028
9500,6962,0.00910971567795
7500,6666,0.00872240228515
8500,6440,0.00842668327578
6500,4659,0.00609626046302
500000,4121,0.00539229220179
5500,3242,0.00424212844411
4500,2038,0.00266670504907
700000,1866,0.00244164456407
5000000,1833,0.00239846435474
900000,1163,0.00152177525617
3500,783,0.00102454860325
875,281,0.000367686024922
2500,113,0.000147859504684
1875,11,1.43934031108e-05
1125,7,9.15943834324e-06
1375,2,2.61698238378e-06
625,1,1.30849119189e-06
None,0,0.0
