0,237964,0.261764692941
501,59056,0.0649626653877
803,30952,0.0340477583832
511,23897,0.026287131109
504,23812,0.0261936295755
602,23697,0.0260671275009
807,21509,0.0236602880287
506,18839,0.0207232398611
623,16980,0.0186783063242
524,15059,0.0165651716688
618,15019,0.0165211709472
505,11371,0.0125083051362
613,11093,0.012202500121
819,10791,0.0118702946728
753,10363,0.0113994869516
539,9848,0.0108329776608
510,9482,0.0104303710581
751,9461,0.0104072706792
534,9197,0.0101168659166
528,8430,0.00927315207969
560,8117,0.00892884643308
517,7014,0.00771552653464
512,6975,0.00767262583106
508,6968,0.00766492570478
609,6833,0.00751642326934
616,6715,0.00738662114059
535,6664,0.00733052022053
770,6442,0.00708631621559
533,6226,0.00684871231888
820,5896,0.00648570636558
862,5847,0.00643180548161
825,5645,0.00620960183747
515,5563,0.00611940035817
617,5468,0.00601489864434
527,5309,0.00583999577593
635,5171,0.00568819328637
659,4696,0.00516568471723
566,4695,0.00516458469919
641,4491,0.00494018101897
839,4398,0.00483787934122
548,4061,0.00446717326164
514,3896,0.00428567028499
567,3717,0.00408876705578
556,3679,0.00404696637025
544,3622,0.00398426534195
532,3563,0.00391936427757
563,3512,0.00386326335752
521,3480,0.00382806278023
518,3415,0.00375656160761
650,3188,0.00350685751246
542,3150,0.00346505682693
529,3087,0.00339575569039
630,3065,0.00337155529351
577,2962,0.00325825343536
571,2950,0.00324505321887
622,2936,0.00322965296631
561,2926,0.00321865278591
538,2917,0.00320875262354
555,2899,0.00318895229882
790,2872,0.00315925181173
640,2776,0.00305365007986
500,2721,0.00299314908765
652,2669,0.00293594814955
679,2587,0.00284574667025
541,2439,0.00268294400028
671,2422,0.0026642436936
669,2339,0.00257294219625
557,2228,0.00245084019378
658,2212,0.00243323990513
789,2201,0.00242113970669
686,2141,0.00235513862427
547,2135,0.00234853851603
693,2126,0.00233863835367
546,2073,0.00228033739753
678,2064,0.00227043723517
744,2060,0.00226603716301
564,2014,0.00221543633316
625,1941,0.00213513501621
513,1908,0.00209883442088
637,1902,0.00209223431264
573,1870,0.00205703373535
648,1752,0.0019272316066
722,1749,0.00192393155248
866,1742,0.0019162314262
752,1723,0.00189533108343
574,1713,0.00188433090303
619,1680,0.0018480303077
881,1652,0.00181722980257
675,1647,0.00181172971237
523,1634,0.00179742947784
588,1619,0.00178092920724
757,1589,0.00174792866603
551,1573,0.00173032837739
682,1547,0.00170172790834
543,1543,0.00169732783618
575,1510,0.00166102724085
716,1501,0.00165112707848
507,1433,0.00157632585174
691,1421,0.00156312563526
604,1393,0.00153232513013
725,1359,0.00149492451676
519,1356,0.00149162446264
632,1345,0.0014795242642
702,1321,0.00145312383123
724,1274,0.00140142298334
612,1259,0.00138492271273
670,1258,0.00138382269469
718,1242,0.00136622240605
530,1240,0.00136402236997
509,1237,0.00136072231585
545,1229,0.00135192217152
811,1188,0.00130682143187
570,1178,0.00129582125147
636,1106,0.00121661995257
531,1105,0.00121551993453
765,1099,0.00120891982629
649,1080,0.00118801948352
855,1075,0.00118251939332
801,1069,0.00117591928508
810,1036,0.00113961868975
520,1017,0.00111871834698
605,1014,0.00111541829286
550,992,0.00109121789597
536,972,0.00106921753517
503,931,0.00102411679552
709,931,0.00102411679552
642,926,0.00101861670531
687,902,0.000992216272347
705,898,0.000987816200186
828,889,0.000977916037823
611,870,0.000957015695057
698,868,0.000954815658977
502,836,0.000919615081687
522,827,0.000909714919325
540,819,0.000900914775002
800,818,0.000899814756962
516,808,0.000888814576559
610,786,0.000864614179673
634,773,0.000850313945149
592,750,0.000825013530222
804,740,0.000814013349819
526,737,0.000810713295698
624,728,0.000800813133335
743,724,0.000796413061174
584,721,0.000793113007053
868,675,0.0007425121772
676,672,0.000739212123079
600,665,0.000731511996797
576,662,0.000728211942676
633,622,0.000684211221064
651,622,0.000684211221064
692,611,0.000672111022621
525,606,0.000666610932419
813,588,0.000646810607694
628,577,0.000634710409251
762,566,0.000622610210807
764,559,0.000614910084525
582,549,0.000603909904122
656,544,0.000598409813921
581,535,0.000588509651558
673,528,0.000580809525276
627,521,0.000573109398994
758,503,0.000553309074269
565,488,0.000536808803664
569,466,0.000512608406778
603,461,0.000507108316576
598,459,0.000504908280496
756,450,0.000495008118133
746,446,0.000490608045972
773,445,0.000489508027932
657,442,0.000486207973811
549,435,0.000478507847529
662,434,0.000477407829488
537,432,0.000475207793408
553,418,0.000459807540844
559,418,0.000459807540844
554,417,0.000458707522803
759,413,0.000454307450642
736,407,0.0004477073424
606,389,0.000427907017675
644,384,0.000422406927474
737,375,0.000412506765111
754,365,0.000401506584708
717,358,0.000393806458426
643,339,0.00037290611566
710,333,0.000366306007419
734,327,0.000359705899177
771,296,0.000325605339928
597,290,0.000319005231686
767,265,0.000291504780678
821,245,0.000269504419872
760,226,0.000248604077107
558,225,0.000247504059067
755,218,0.000239803932784
639,214,0.000235403860623
749,213,0.000234303842583
647,191,0.000210103445697
661,187,0.000205703373535
631,176,0.000193603175092
802,171,0.000188103084891
638,163,0.000179302940568
596,155,0.000170502796246
711,153,0.000168302760165
626,147,0.000161702651923
766,127,0.000139702291118
740,118,0.000129802128755
745,115,0.000126502074634
552,104,0.000114401876191
747,77,8.47013891028e-05
583,54,5.9400974176e-05
798,8,8.80014432237e-06
None,0,0.0
