0,286605,0.31474337222
1,217186,0.238508937524
2,151622,0.166507979912
3,108451,0.119098527453
4,64785,0.0711454767686
5,43030,0.0472546093286
6,24483,0.0268866976573
7,6529,0.00717000567758
8,3128,0.0034351015101
9,2040,0.00224028359355
11,1101,0.00120909423358
10,1008,0.00110696365799
12,380,0.00041730772821
13,133,0.000146057704873
14,18,1.97672081784e-05
15,18,1.97672081784e-05
17,8,8.78542585705e-06
16,7,7.68724762492e-06
18,6,6.58906939278e-06
19,3,3.29453469639e-06
29,3,3.29453469639e-06
40,2,2.19635646426e-06
25,2,2.19635646426e-06
62,2,2.19635646426e-06
71,2,2.19635646426e-06
297,2,2.19635646426e-06
22,2,2.19635646426e-06
235,1,1.09817823213e-06
41,1,1.09817823213e-06
42,1,1.09817823213e-06
44,1,1.09817823213e-06
46,1,1.09817823213e-06
251,1,1.09817823213e-06
255,1,1.09817823213e-06
55,1,1.09817823213e-06
82,1,1.09817823213e-06
87,1,1.09817823213e-06
97,1,1.09817823213e-06
107,1,1.09817823213e-06
109,1,1.09817823213e-06
113,1,1.09817823213e-06
545,1,1.09817823213e-06
374,1,1.09817823213e-06
594,1,1.09817823213e-06
199,1,1.09817823213e-06
201,1,1.09817823213e-06
20,1,1.09817823213e-06
21,1,1.09817823213e-06
24,1,1.09817823213e-06
26,1,1.09817823213e-06
3428,1,1.09817823213e-06
28,1,1.09817823213e-06
36,1,1.09817823213e-06
37,1,1.09817823213e-06
38,1,1.09817823213e-06
2250,1,1.09817823213e-06
257,1,1.09817823213e-06
61,1,1.09817823213e-06
70,1,1.09817823213e-06
77,1,1.09817823213e-06
81,1,1.09817823213e-06
85,1,1.09817823213e-06
495,1,1.09817823213e-06
2114,1,1.09817823213e-06
329,1,1.09817823213e-06
183,1,1.09817823213e-06
193,1,1.09817823213e-06
995,1,1.09817823213e-06
3407,1,1.09817823213e-06
27,1,1.09817823213e-06
