2,266791,0.427099992476
3,167709,0.26848174278
1,78649,0.125907498035
4,63649,0.101894319603
5,28395,0.0454569467724
6,6589,0.010548188846
7,3487,0.00558226354623
8,1539,0.00246375210716
9,1514,0.0024237301431
11,921,0.00147440915574
14,870,0.00139276434907
10,869,0.00139116347051
12,721,0.00115423344331
41,360,0.000576316282376
13,301,0.000481864447209
33,260,0.00041622842616
16,238,0.000381009097793
29,208,0.000332982740928
15,194,0.000310570441058
17,166,0.000265745841318
26,138,0.000220921241577
40,126,0.000201710698832
39,111,0.000177697520399
21,103,0.000164890491902
19,91,0.000145679949156
36,59,9.44518351671e-05
23,49,7.84430495456e-05
30,45,7.2039535297e-05
1000,42,6.72368996105e-05
24,40,6.40351424862e-05
20,36,5.76316282376e-05
28,33,5.28289925511e-05
25,30,4.80263568646e-05
37,28,4.48245997403e-05
18,23,3.68202069296e-05
46,21,3.36184498053e-05
134,20,3.20175712431e-05
22,20,3.20175712431e-05
34,16,2.56140569945e-05
51,16,2.56140569945e-05
60,16,2.56140569945e-05
136,15,2.40131784323e-05
66,15,2.40131784323e-05
31,15,2.40131784323e-05
32,14,2.24122998702e-05
38,13,2.0811421308e-05
65,12,1.92105427459e-05
43,10,1.60087856215e-05
35,9,1.44079070594e-05
42,9,1.44079070594e-05
102,8,1.28070284972e-05
61,6,9.60527137293e-06
27,6,9.60527137293e-06
55,5,8.00439281077e-06
56,4,6.40351424862e-06
64,3,4.80263568646e-06
47,2,3.20175712431e-06
52,2,3.20175712431e-06
62,2,3.20175712431e-06
45,2,3.20175712431e-06
72,2,3.20175712431e-06
85,2,3.20175712431e-06
108,1,1.60087856215e-06
44,1,1.60087856215e-06
48,1,1.60087856215e-06
105,1,1.60087856215e-06
135,1,1.60087856215e-06
68,1,1.60087856215e-06
74,1,1.60087856215e-06
86,1,1.60087856215e-06
None,0,0.0
