CA,71583,0.0786108923906
TX,53235,0.0584615181875
NY,52581,0.0577433096237
ZZ,42536,0.0467121092819
FL,41432,0.0454997205136
PA,31299,0.0343718804875
IL,29941,0.0328805544482
OH,27814,0.0305447293485
NJ,25411,0.0279058070567
NC,21954,0.0241094049082
VA,21432,0.023536155871
GA,20458,0.0224665302729
MI,20315,0.0223094907857
MA,18731,0.020569976466
H9,18160,0.0199429166955
MD,14762,0.0162113070627
WA,13820,0.015176823168
MO,13375,0.0146881338547
AZ,12888,0.0141533210557
WI,12887,0.0141522228775
MN,12877,0.0141412410951
CO,12192,0.0133889890061
IN,11800,0.0129585031391
TN,11167,0.0122633563182
CT,8864,0.00973425184961
07,8708,0.00956293604539
SC,8146,0.00894575987894
02,8115,0.00891171635374
LA,7573,0.00831650375193
OR,7542,0.00828246022673
KY,7508,0.00824512216684
AL,7167,0.00787064338968
IA,6573,0.0072183255198
OK,6487,0.00712388219183
UT,6339,0.00696135181348
KS,6175,0.00678125058341
ON,5950,0.00653416048118
NV,5696,0.00625522321022
DE,5348,0.00587305718544
04,5109,0.00561059258796
DC,4735,0.00519987392914
NE,4455,0.00489238402414
AR,4240,0.00465627570423
MS,3595,0.00394795074451
00,3555,0.00390402361522
NH,3297,0.00362069363133
WV,3235,0.00355260658094
05,3188,0.00350099220403
NM,3183,0.00349550131287
ME,3141,0.00344937782712
QC,3053,0.0033527381427
08,2902,0.00318691322964
ID,2726,0.00299363386079
01,2709,0.00297496483084
RI,2508,0.00275423100618
I2,2230,0.00244893745765
A7,2190,0.00240501032837
HI,2063,0.00226554169289
06,1932,0.00212168034448
V2,1860,0.00204261151176
N7,1797,0.00197342628314
25,1770,0.00194377547087
09,1753,0.00192510644093
MT,1744,0.00191522283684
ND,1727,0.00189655380689
SD,1693,0.001859215747
27,1686,0.00185152849937
26,1666,0.00182956493473
F2,1637,0.001797717766
11,1629,0.00178893234014
AB,1629,0.00178893234014
BC,1583,0.00173841614146
H3,1573,0.00172743435914
F8,1566,0.00171974711152
A8,1564,0.00171755075505
H2,1559,0.00171205986389
L9,1553,0.0017054707945
G5,1546,0.00169778354687
E4,1499,0.00164616916996
B7,1475,0.00161981289239
16,1468,0.00161212564477
19,1453,0.00159565297129
15,1438,0.0015791802978
H8,1423,0.00156270762432
null,1385,0.0015209768515
J8,1348,0.00148034425691
21,1347,0.00147924607868
12,1303,0.00143092623647
17,1267,0.00139139182011
VT,1253,0.00137601732486
18,1242,0.00136393736431
H4,1197,0.00131451934386
I9,1183,0.00129914484861
C3,1170,0.00128486853159
14,1132,0.00124313775877
U8,1120,0.00122995961999
03,1106,0.00121458512474
WY,1076,0.00118163977777
K2,1064,0.00116846163899
13,1054,0.00115747985667
40,1022,0.00112233815324
J1,1011,0.00111025819268
28,1010,0.00110916001445
20,1006,0.00110476730152
P6,981,0.00107731284572
B4,975,0.00107072377633
E6,958,0.00105205474638
D9,955,0.00104876021168
AK,928,0.00101910939942
M4,928,0.00101910939942
10,927,0.00101801122119
B9,881,0.000967495022507
M3,871,0.000956513240186
N5,836,0.000918077002061
I7,821,0.000901604328579
H7,801,0.000879640763937
R3,765,0.00084010634758
B6,747,0.000820339139402
D4,706,0.000775313831884
C5,692,0.000759939336634
I6,679,0.000745663019617
X5,661,0.000725895811438
B8,652,0.000716012207349
Q3,646,0.000709423137956
N4,644,0.000707226781492
Q4,635,0.000697343177403
23,630,0.000691852286242
K7,626,0.000687459573314
C8,619,0.000679772325689
34,613,0.000673183256296
29,604,0.000663299652207
V1,565,0.000620470701154
P3,564,0.000619372522922
K4,554,0.0006083907406
T5,553,0.000607292562368
N1,548,0.000601801671208
P8,531,0.000583132641261
B2,525,0.000576543571869
Z1,523,0.000574347215404
NS,510,0.000560070898387
I3,506,0.000555678185458
C7,504,0.000553481828994
C6,492,0.000540303690208
G6,471,0.000517241947334
MB,468,0.000513947412637
A4,467,0.000512849234405
Q5,458,0.000502965630316
C9,454,0.000498572917387
56,440,0.000483198422138
J9,440,0.000483198422138
K6,436,0.000478805709209
H5,436,0.000478805709209
E2,434,0.000476609352745
N2,429,0.000471118461584
G8,424,0.000465627570423
G7,420,0.000461234857495
G1,417,0.000457940322799
D8,415,0.000455743966334
22,414,0.000454645788102
F9,414,0.000454645788102
N6,409,0.000449154896941
K3,408,0.000448056718709
30,405,0.000444762184013
L3,403,0.000442565827549
A2,400,0.000439271292852
51,399,0.00043817311462
A9,388,0.000426093154067
P7,379,0.000416209549978
M1,372,0.000408522302353
44,365,0.000400835054728
NB,361,0.000396442341799
D7,359,0.000394245985335
D6,356,0.000390951450639
SK,347,0.000381067846549
F4,347,0.000381067846549
K8,342,0.000375576955389
B1,338,0.00037118424246
B5,337,0.000370086064228
J7,336,0.000368987885996
L1,336,0.000368987885996
D2,333,0.0003656933513
I1,331,0.000363496994835
D3,328,0.000360202460139
P9,327,0.000359104281907
L7,315,0.000345926143121
F6,314,0.000344827964889
K9,312,0.000342631608425
M9,306,0.000336042539032
B3,301,0.000330551647871
A3,297,0.000326158934943
A1,296,0.000325060756711
K1,294,0.000322864400246
24,284,0.000311882617925
I4,283,0.000310784439693
O8,279,0.000306391726764
U3,275,0.000301999013836
N3,275,0.000301999013836
A5,269,0.000295409944443
X4,264,0.000289919053283
E5,262,0.000287722696818
Y9,259,0.000284428162122
P2,249,0.000273446379801
L2,248,0.000272348201568
E7,245,0.000269053666872
N8,236,0.000259170062783
A6,232,0.000254777349854
48,232,0.000254777349854
V8,227,0.000249286458694
J5,225,0.000247090102229
O7,214,0.000235010141676
NL,209,0.000229519250515
78,206,0.000226224715819
D5,203,0.000222930181123
N9,201,0.000220733824658
60,199,0.000218537468194
J2,199,0.000218537468194
C1,198,0.000217439289962
42,192,0.000210850220569
Y6,191,0.000209752042337
M2,188,0.000206457507641
J6,187,0.000205359329408
32,184,0.000202064794712
O2,181,0.000198770260016
97,181,0.000198770260016
E3,179,0.000196573903551
Z4,175,0.000192181190623
53,171,0.000187788477694
L6,169,0.00018559212123
Y4,168,0.000184493942998
W9,167,0.000183395764766
58,166,0.000182297586534
U9,165,0.000181199408302
W1,163,0.000179003051837
C2,162,0.000177904873605
K5,162,0.000177904873605
35,161,0.000176806695373
W5,161,0.000176806695373
M7,159,0.000174610338909
G2,159,0.000174610338909
J3,153,0.000168021269516
59,149,0.000163628556587
31,149,0.000163628556587
F7,148,0.000162530378355
E9,145,0.000159235843659
Y1,142,0.000155941308963
P4,139,0.000152646774266
Q1,138,0.000151548596034
AE,136,0.00014935223957
Z7,133,0.000146057704873
Y5,131,0.000143861348409
M5,130,0.000142763170177
O3,129,0.000141664991945
Z5,127,0.000139468635481
X7,123,0.000135075922552
W2,118,0.000129585031391
83,116,0.000127388674927
O1,110,0.000120799605534
52,108,0.00011860324907
U4,108,0.00011860324907
L5,107,0.000117505070838
E1,103,0.000113112357909
55,102,0.000112014179677
ERROR,101,0.000110916001445
38,99,0.000108719644981
O4,97,0.000106523288517
D1,96,0.000105425110285
73,94,0.00010322875382
81,94,0.00010322875382
J4,93,0.000102130575588
X3,92,0.000101032397356
54,90,9.88360408918e-05
66,89,9.77378626596e-05
47,87,9.55415061954e-05
86,85,9.33451497311e-05
S5,84,9.2246971499e-05
V7,82,9.00506150347e-05
57,81,8.89524368026e-05
77,80,8.78542585705e-05
Q2,80,8.78542585705e-05
Z8,79,8.67560803383e-05
Y8,79,8.67560803383e-05
W6,77,8.45597238741e-05
W4,77,8.45597238741e-05
99,77,8.45597238741e-05
V3,76,8.34615456419e-05
S6,76,8.34615456419e-05
X9,75,8.23633674098e-05
L8,75,8.23633674098e-05
T6,74,8.12651891777e-05
O6,74,8.12651891777e-05
R8,74,8.12651891777e-05
Z3,74,8.12651891777e-05
Y7,73,8.01670109455e-05
68,72,7.90688327134e-05
39,71,7.79706544813e-05
PE,69,7.5774298017e-05
W7,66,7.24797633206e-05
80,63,6.91852286242e-05
Z6,62,6.80870503921e-05
61,62,6.80870503921e-05
S9,62,6.80870503921e-05
72,61,6.698887216e-05
X6,61,6.698887216e-05
33,60,6.58906939278e-05
36,59,6.47925156957e-05
G9,59,6.47925156957e-05
V4,59,6.47925156957e-05
T2,55,6.03998027672e-05
75,55,6.03998027672e-05
91,55,6.03998027672e-05
F5,55,6.03998027672e-05
X8,54,5.93016245351e-05
82,54,5.93016245351e-05
85,54,5.93016245351e-05
T9,53,5.82034463029e-05
U2,53,5.82034463029e-05
V5,51,5.60070898387e-05
65,48,5.27125551423e-05
50,48,5.27125551423e-05
98,47,5.16143769101e-05
71,47,5.16143769101e-05
Y3,47,5.16143769101e-05
87,46,5.0516198678e-05
T1,45,4.94180204459e-05
Z2,45,4.94180204459e-05
T7,44,4.83198422138e-05
74,44,4.83198422138e-05
84,43,4.72216639816e-05
T8,39,4.28289510531e-05
46,38,4.1730772821e-05
Q6,37,4.06325945888e-05
V6,36,3.95344163567e-05
37,35,3.84362381246e-05
S1,34,3.73380598924e-05
45,34,3.73380598924e-05
AP,33,3.62398816603e-05
62,33,3.62398816603e-05
X2,33,3.62398816603e-05
X1,33,3.62398816603e-05
R4,33,3.62398816603e-05
41,32,3.51417034282e-05
R6,32,3.51417034282e-05
L4,31,3.40435251961e-05
Y2,30,3.29453469639e-05
76,29,3.18471687318e-05
43,28,3.07489904997e-05
79,28,3.07489904997e-05
Q9,27,2.96508122675e-05
Q7,27,2.96508122675e-05
M6,25,2.74544558033e-05
U6,25,2.74544558033e-05
63,25,2.74544558033e-05
90,24,2.63562775711e-05
O9,23,2.5258099339e-05
88,22,2.41599211069e-05
67,22,2.41599211069e-05
P5,21,2.30617428747e-05
Q8,21,2.30617428747e-05
U1,19,2.08653864105e-05
R2,17,1.86690299462e-05
R7,17,1.86690299462e-05
49,16,1.75708517141e-05
S7,16,1.75708517141e-05
G3,16,1.75708517141e-05
P1,15,1.6472673482e-05
70,13,1.42763170177e-05
F3,12,1.31781387856e-05
YT,11,1.20799605534e-05
R9,11,1.20799605534e-05
H1,11,1.20799605534e-05
64,11,1.20799605534e-05
NT,10,1.09817823213e-05
F1,10,1.09817823213e-05
T3,9,9.88360408918e-06
W8,7,7.68724762492e-06
I8,6,6.58906939278e-06
69,5,5.49089116065e-06
R5,5,5.49089116065e-06
E8,5,5.49089116065e-06
S3,5,5.49089116065e-06
H6,5,5.49089116065e-06
W3,4,4.39271292852e-06
89,4,4.39271292852e-06
NU,3,3.29453469639e-06
93,3,3.29453469639e-06
S2,3,3.29453469639e-06
AA,2,2.19635646426e-06
T4,2,2.19635646426e-06
U5,2,2.19635646426e-06
S4,2,2.19635646426e-06
M8,1,1.09817823213e-06
O5,1,1.09817823213e-06
94,1,1.09817823213e-06
