25000,234596,0.265343470697
35000,126120,0.142649996267
100000,124187,0.14046364642
15000,97518,0.110299257342
45000,62854,0.0710919986156
55000,57798,0.0653733308299
75000,39964,0.0452019065242
65000,35966,0.0406799061668
85000,30860,0.0349046851
300000,23783,0.026900133692
9500,10311,0.0116624176301
8500,8674,0.00981086320666
7500,5741,0.00649344773685
5000000,5728,0.00647874388376
6500,5585,0.00631700149979
5500,3995,0.00451860716055
500000,3845,0.00434894731723
700000,2336,0.00264216929338
4500,2180,0.00246572305632
3500,787,0.000890148644644
900000,767,0.000867527332201
875,333,0.000376644852181
2500,124,0.000140252137148
350,28,3.16698374206e-05
250,16,1.80970499546e-05
1875,11,1.24417218438e-05
1125,7,7.91745935516e-06
1625,5,5.65532811083e-06
450,2,2.26213124433e-06
625,1,1.13106562217e-06
None,0,0.0
