0,198124,0.242635775685
501,55505,0.0679751000858
803,29938,0.0366640581276
602,22047,0.0270002167659
511,21587,0.0264368702919
504,21565,0.0264099276345
807,19633,0.0240438724437
506,18172,0.0222546350556
623,15772,0.0193154360608
524,14320,0.0175372206689
618,13334,0.0163296997486
819,11057,0.0135411347023
505,10250,0.0125528290403
613,9822,0.0120286718862
753,9439,0.0115596247133
539,9399,0.0115106380634
534,8831,0.0108150276346
510,8773,0.0107439969922
751,8724,0.0106839883461
528,7801,0.00955362139933
560,7671,0.00939441478711
517,6519,0.00798359926961
535,6347,0.00777295667498
508,6274,0.00768355603889
512,6050,0.00740923079938
609,6026,0.00737983880943
820,5757,0.00705040358876
862,5738,0.00702713493005
616,5736,0.00702468559756
533,5635,0.00690099430653
825,5542,0.00678710034548
770,5497,0.00673199036433
515,4884,0.00598126995441
617,4774,0.00584655666714
527,4680,0.00573143803985
635,4484,0.00549140345527
659,4355,0.0053334215093
839,4012,0.0049133609863
566,3908,0.00478599569652
641,3887,0.00476027770532
548,3791,0.00464270974553
514,3658,0.00447982913457
567,3424,0.00419325723257
544,3422,0.00419080790008
556,3341,0.004091609934
563,3307,0.00404997128158
532,3265,0.00399853529917
518,3212,0.00393362798803
521,3042,0.0037254347259
630,2966,0.00363236009107
529,2897,0.00354785811997
561,2885,0.00353316212499
790,2818,0.00345110948639
571,2771,0.00339355017274
650,2750,0.00336783218153
542,2748,0.00336538284904
538,2684,0.00328700420918
622,2583,0.00316331291815
555,2521,0.00308738361078
640,2495,0.00305554228834
577,2480,0.00303717229462
500,2473,0.00302859963089
541,2231,0.00273223039891
679,2228,0.00272855640017
652,2112,0.00258649511542
671,2109,0.00258282111668
744,2086,0.00255465379298
557,2044,0.00250321781057
669,2022,0.00247627515311
686,1929,0.00236238119207
693,1904,0.00233176453587
678,1888,0.0023121698759
547,1882,0.00230482187842
789,1843,0.00225705989475
752,1830,0.00224113923353
658,1825,0.00223501590229
546,1811,0.00221787057482
564,1802,0.00220684857859
810,1769,0.00216643459241
625,1746,0.00213826726871
513,1698,0.00207948328882
648,1636,0.00200355398145
573,1612,0.0019741619915
637,1608,0.00196926332651
881,1606,0.00196681399402
866,1582,0.00193742200407
523,1574,0.00192762467409
588,1452,0.00177821539185
675,1451,0.0017769907256
575,1446,0.00177086739436
507,1429,0.00175004806815
757,1426,0.00174637406941
619,1410,0.00172677940944
574,1404,0.00171943141195
716,1402,0.00171698207946
519,1400,0.00171453274696
543,1398,0.00171208341447
722,1398,0.00171208341447
551,1381,0.00169126408825
682,1369,0.00167656809328
691,1324,0.00162145811213
604,1266,0.00155042746975
530,1220,0.00149409282235
545,1204,0.00147449816239
801,1198,0.0014671501649
724,1170,0.00143285950996
725,1164,0.00142551151248
612,1144,0.00140101818752
632,1143,0.00139979352127
811,1123,0.00137530019631
702,1102,0.00134958220511
670,1074,0.00131529155017
570,1071,0.00131161755143
718,1021,0.00125038423904
531,1019,0.00124793490654
765,1003,0.00122834024657
855,1000,0.00122466624783
636,993,0.0012160935841
509,983,0.00120384692162
649,972,0.00119037559289
520,940,0.00115118627296
536,922,0.0011291422805
605,913,0.00111812028427
709,903,0.00110587362179
550,876,0.0010728076331
503,848,0.00103851697816
522,848,0.00103851697816
592,843,0.00103239364692
828,803,0.000983406997008
502,798,0.000977283665769
698,792,0.000969935668282
642,788,0.000965037003291
687,780,0.000955239673308
610,771,0.000944217677078
540,767,0.000939319012086
743,759,0.000929521682104
705,757,0.000927072349608
800,728,0.000891557028421
634,720,0.000881759698438
611,709,0.000868288369712
516,707,0.000865839037216
600,694,0.000849918375995
804,691,0.000846244377251
633,688,0.000842570378508
584,681,0.000833997714773
868,640,0.000783786398612
526,622,0.000761742406151
676,609,0.000745821744929
576,603,0.000738473747442
525,585,0.000716429754981
624,583,0.000713980422485
651,582,0.000712755756238
813,580,0.000710306423742
692,553,0.00067724043505
656,527,0.000645399112607
762,518,0.000634377116376
628,497,0.000608659125172
764,478,0.000585390466463
758,460,0.000563346474002
627,459,0.000562121807754
673,449,0.000549875145276
598,447,0.00054742581278
603,438,0.00053640381655
582,437,0.000535179150302
581,436,0.000533954484054
662,426,0.000521707821576
606,423,0.000518033822832
537,422,0.000516809156585
569,419,0.000513135157841
746,416,0.000509461159098
554,412,0.000504562494106
565,407,0.000498439162867
549,404,0.000494765164124
773,404,0.000494765164124
657,395,0.000483743167893
756,395,0.000483743167893
553,381,0.000466597840424
559,375,0.000459249842937
759,357,0.000437205850476
737,347,0.000424959187997
736,347,0.000424959187997
717,326,0.000399241196793
644,321,0.000393117865554
710,317,0.000388219200562
771,316,0.000386994534315
643,304,0.000372298539341
821,287,0.000351479213127
754,278,0.000340457216897
734,277,0.000339232550649
597,272,0.00033310921941
639,219,0.000268201908275
767,206,0.000252281247053
661,195,0.000238809918327
749,190,0.000232686587088
631,180,0.00022043992461
755,179,0.000219215258362
760,173,0.000211867260875
802,173,0.000211867260875
558,169,0.000206968595883
638,163,0.000199620598396
647,160,0.000195946599653
745,144,0.000176351939688
711,143,0.00017512727344
596,142,0.000173902607192
626,109,0.000133488621014
766,108,0.000132263954766
740,85,0.000104096631066
747,85,0.000104096631066
552,78,9.55239673308e-05
583,45,5.51099811524e-05
798,7,8.57266373482e-06
None,0,0.0
