3,145432,0.178084724697
2,129679,0.158794825169
0,117956,0.144439750442
4,117752,0.144189947897
1,114670,0.14041597022
5,88602,0.10849512334
6,58461,0.0715867972007
7,21417,0.0262255937402
8,10523,0.0128856479866
9,4499,0.00550912575232
10,3090,0.00378377385522
11,2237,0.00273925634762
12,1170,0.0014326910714
13,590,0.000722468147114
15,114,0.00013959554029
14,103,0.000126125795174
16,78,9.55127380931e-05
17,40,4.89808913298e-05
18,36,4.40828021968e-05
19,18,2.20414010984e-05
20,17,2.08168788152e-05
23,15,1.83678342487e-05
24,15,1.83678342487e-05
22,14,1.71433119654e-05
21,14,1.71433119654e-05
30,13,1.59187896822e-05
28,9,1.10207005492e-05
27,8,9.79617826595e-06
25,4,4.89808913298e-06
26,4,4.89808913298e-06
29,4,4.89808913298e-06
33,3,3.67356684973e-06
35,3,3.67356684973e-06
36,3,3.67356684973e-06
44,3,3.67356684973e-06
49,3,3.67356684973e-06
31,3,3.67356684973e-06
38,3,3.67356684973e-06
40,3,3.67356684973e-06
34,2,2.44904456649e-06
37,2,2.44904456649e-06
46,2,2.44904456649e-06
32,2,2.44904456649e-06
48,2,2.44904456649e-06
79,2,2.44904456649e-06
39,1,1.22452228324e-06
41,1,1.22452228324e-06
52,1,1.22452228324e-06
58,1,1.22452228324e-06
60,1,1.22452228324e-06
72,1,1.22452228324e-06
84,1,1.22452228324e-06
91,1,1.22452228324e-06
102,1,1.22452228324e-06
109,1,1.22452228324e-06
165,1,1.22452228324e-06
201,1,1.22452228324e-06
42,1,1.22452228324e-06
43,1,1.22452228324e-06
47,1,1.22452228324e-06
50,1,1.22452228324e-06
54,1,1.22452228324e-06
59,1,1.22452228324e-06
75,1,1.22452228324e-06
80,1,1.22452228324e-06
85,1,1.22452228324e-06
88,1,1.22452228324e-06
110,1,1.22452228324e-06
154,1,1.22452228324e-06
179,1,1.22452228324e-06
