CA,68388,0.0837426299065
NY,49064,0.0600799613051
TX,48219,0.0590452399758
FL,39476,0.0483392416533
ZZ,31170,0.0381683595687
PA,28142,0.0344605060951
IL,27597,0.0337931414507
OH,25444,0.0311567449749
NJ,23936,0.0293101653717
NC,20665,0.0253047529832
GA,19482,0.0238561431222
VA,19267,0.0235928708313
MI,18544,0.0227075412205
MA,18063,0.0221185460022
H9,15320,0.0187596813793
WA,14213,0.0174041352118
MD,13032,0.0159579743952
CO,11636,0.0142485412878
AZ,11629,0.0142399696318
MO,11555,0.0141493549829
MN,11357,0.0139068995708
WI,11031,0.0135077053065
TN,10481,0.0128342180507
IN,10250,0.0125513534033
07,8470,0.0103717037391
OR,8259,0.0101133295373
CT,8006,0.00980352539965
SC,7528,0.00921820374826
KY,6901,0.00845042827667
AL,6846,0.00838307955109
02,6757,0.00827409706788
LA,6737,0.00824960662222
OK,5595,0.00685120217475
IA,5592,0.0068475286079
KS,5545,0.00678997606059
UT,5465,0.00669201427793
NV,5203,0.00637118943972
04,4680,0.00573076428558
DC,4542,0.0055617802105
ON,4536,0.0055544330768
DE,4287,0.00524952702827
AR,3730,0.0045674681165
NE,3542,0.00433725792725
NM,3142,0.00384744901395
MS,3142,0.00384744901395
NH,3031,0.00371152704051
05,2972,0.0036392802258
ME,2840,0.00347764328441
WV,2821,0.00345437736103
08,2701,0.00330743468704
01,2479,0.00303559074016
ID,2447,0.0029964060271
00,2157,0.00264129456496
RI,2150,0.00263272290898
I2,2093,0.00256292513883
HI,2088,0.00255680252741
QC,1996,0.00244414647736
A7,1938,0.00237312418493
06,1914,0.00234373565013
09,1898,0.0023241432936
ND,1610,0.00197148087602
11,1602,0.00196168469776
A8,1548,0.00189556049446
N7,1521,0.00186249839281
MT,1517,0.00185760030368
V2,1514,0.00185392673683
AB,1493,0.00182821176888
SD,1489,0.00182331367975
16,1429,0.00174984234276
H3,1416,0.00173392355307
B7,1414,0.00173147450851
L9,1408,0.00172412737481
BC,1403,0.00171800476339
03,1357,0.00166167673836
F2,1309,0.00160289966877
H8,1308,0.00160167514648
E4,1292,0.00158208278995
15,1264,0.00154779616602
27,1259,0.0015416735546
VT,1213,0.00148534552958
G5,1203,0.00147310030674
H2,1200,0.00146942673989
F8,1187,0.00145350795021
17,1180,0.00144493629423
J8,1172,0.00143514011596
12,1066,0.00130534075394
U8,1049,0.00128452387512
21,1039,0.00127227865229
18,1005,0.00123064489466
C3,998,0.00122207323868
H4,994,0.00121717514954
AK,992,0.00121472610498
I9,979,0.0011988073153
14,972,0.00119023565931
B9,943,0.0011547245131
K2,938,0.00114860190168
13,913,0.0011179888446
20,869,0.00106410986414
B4,861,0.00105431368587
10,860,0.00105308916359
40,856,0.00104819107446
P6,856,0.00104819107446
26,847,0.00103717037391
E6,844,0.00103349680706
WY,827,0.00101267992824
J1,805,0.000985740438012
19,799,0.000978393304312
I7,785,0.000961249992347
25,777,0.000951453814081
M4,744,0.000911044578734
D9,687,0.000841246808589
B6,679,0.000831450630323
M3,660,0.000808184706941
B8,639,0.000782469738993
H7,631,0.000772673560727
N5,627,0.000767775471594
D4,621,0.000760428337895
I6,613,0.000750632159629
C5,589,0.000721243624831
R3,585,0.000716345535698
N4,573,0.000701651268299
K7,562,0.000688181523183
Q3,560,0.000685732478617
X5,558,0.00068328343405
B2,544,0.000666140122085
C8,542,0.000663691077518
Q4,523,0.000640425154137
30,511,0.000625730886738
N1,487,0.00059634235194
K4,485,0.000593893307373
34,485,0.000593893307373
C7,478,0.000585321651391
29,477,0.000584097129108
T5,475,0.000581648084541
Z1,451,0.000552259549743
28,450,0.00055103502746
V1,447,0.00054736146061
A9,429,0.000525320059512
P3,423,0.000517972925812
P8,423,0.000517972925812
A4,411,0.000503278658413
D8,409,0.000500829613847
23,409,0.000500829613847
I3,408,0.000499605091564
C6,407,0.00049838056928
G6,403,0.000493482480147
K6,389,0.000476339168182
A2,382,0.000467767512199
G8,376,0.0004604203785
NS,374,0.000457971333933
E2,371,0.000454297767084
K3,360,0.000440828021968
G1,357,0.000437154455118
D3,353,0.000432256365985
N2,352,0.000431031843702
F9,350,0.000428582799135
B5,349,0.000427358276852
I1,346,0.000423684710003
C9,344,0.000421235665436
MB,342,0.00041878662087
B1,341,0.000417562098586
N6,341,0.000417562098586
H5,338,0.000413888531737
J9,338,0.000413888531737
56,326,0.000399194264338
M1,325,0.000397969742054
D7,324,0.000396745219771
G7,323,0.000395520697488
Q5,322,0.000394296175205
NB,320,0.000391847130638
F4,316,0.000386949041505
A3,316,0.000386949041505
B3,315,0.000385724519222
L3,313,0.000383275474655
P7,303,0.000371030251823
A1,293,0.000358785028991
M9,292,0.000357560506707
K8,288,0.000352662417574
22,279,0.000341641717025
SK,271,0.000331845538759
K9,270,0.000330621016476
51,267,0.000326947449626
O8,264,0.000323273882776
P9,263,0.000322049360493
J7,259,0.00031715127136
D2,257,0.000314702226794
P2,249,0.000304906048528
K1,249,0.000304906048528
L1,249,0.000304906048528
D6,247,0.000302457003961
F6,245,0.000300007959395
L7,243,0.000297558914828
E5,228,0.00027919108058
U3,227,0.000277966558296
97,223,0.000273068469163
N3,217,0.000265721335464
A5,217,0.000265721335464
X4,216,0.000264496813181
E7,212,0.000259598724048
V8,204,0.000249802545782
A6,202,0.000247353501215
N8,202,0.000247353501215
D5,202,0.000247353501215
78,199,0.000243679934366
L2,198,0.000242455412082
O7,195,0.000238781845233
Y9,190,0.000232659233816
I4,189,0.000231434711533
J5,189,0.000231434711533
C1,184,0.000225312100117
Y6,181,0.000221638533267
K5,179,0.000219189488701
L6,178,0.000217964966417
44,175,0.000214291399568
O2,169,0.000206944265868
M5,167,0.000204495221302
Z4,165,0.000202046176735
60,164,0.000200821654452
24,164,0.000200821654452
J3,162,0.000198372609886
Y4,159,0.000194699043036
E3,158,0.000193474520753
NL,154,0.00018857643162
J2,153,0.000187351909336
W1,153,0.000187351909336
W5,148,0.00018122929792
31,147,0.000180004775637
F7,143,0.000175106686504
U9,142,0.000173882164221
N9,137,0.000167759552804
Z7,135,0.000165310508238
W9,135,0.000165310508238
J6,133,0.000162861463671
AE,128,0.000156738852255
Y5,128,0.000156738852255
35,127,0.000155514329972
E9,127,0.000155514329972
Z5,126,0.000154289807689
M7,126,0.000154289807689
M2,123,0.000150616240839
32,122,0.000149391718556
Q1,120,0.000146942673989
G2,119,0.000145718151706
83,116,0.000142044584856
Y1,113,0.000138371018007
P4,107,0.000131023884307
X3,107,0.000131023884307
X7,107,0.000131023884307
O1,106,0.000129799362024
C2,102,0.000124901272891
53,99,0.000121227706041
W2,98,0.000120003183758
ERROR,97,0.000118778661475
L5,95,0.000116329616908
99,93,0.000113880572342
58,93,0.000113880572342
V3,89,0.000108982483209
W4,88,0.000107757960925
U4,87,0.000106533438642
O3,86,0.000105308916359
O4,86,0.000105308916359
E1,85,0.000104084394076
52,85,0.000104084394076
48,84,0.000102859871793
59,83,0.000101635349509
38,82,0.000100410827226
55,82,0.000100410827226
Z8,76,9.30636935266e-05
86,75,9.18391712433e-05
Z3,75,9.18391712433e-05
W6,74,9.06146489601e-05
D1,73,8.93901266768e-05
R8,72,8.81656043936e-05
77,72,8.81656043936e-05
Q2,71,8.69410821103e-05
O6,70,8.57165598271e-05
81,70,8.57165598271e-05
Z6,69,8.44920375439e-05
S6,68,8.32675152606e-05
J4,68,8.32675152606e-05
S5,68,8.32675152606e-05
68,67,8.20429929774e-05
73,66,8.08184706941e-05
V7,62,7.59203815611e-05
F5,62,7.59203815611e-05
Y7,62,7.59203815611e-05
L8,61,7.46958592779e-05
54,58,7.10222924282e-05
72,57,6.97977701449e-05
V4,56,6.85732478617e-05
42,55,6.73487255784e-05
98,55,6.73487255784e-05
S9,54,6.61242032952e-05
T2,54,6.61242032952e-05
PE,53,6.48996810119e-05
G9,52,6.36751587287e-05
82,52,6.36751587287e-05
Y8,49,6.0001591879e-05
50,48,5.87770695957e-05
W7,48,5.87770695957e-05
X6,48,5.87770695957e-05
36,44,5.38789804627e-05
X9,44,5.38789804627e-05
33,44,5.38789804627e-05
T6,44,5.38789804627e-05
66,42,5.14299358963e-05
74,42,5.14299358963e-05
Y3,42,5.14299358963e-05
37,41,5.0205413613e-05
T7,39,4.77563690465e-05
U2,38,4.65318467633e-05
X8,38,4.65318467633e-05
39,37,4.530732448e-05
Q9,37,4.530732448e-05
75,36,4.40828021968e-05
Z2,36,4.40828021968e-05
80,33,4.04092353471e-05
41,32,3.91847130638e-05
X1,32,3.91847130638e-05
V6,31,3.79601907806e-05
T9,30,3.67356684973e-05
T1,30,3.67356684973e-05
61,30,3.67356684973e-05
84,30,3.67356684973e-05
T8,29,3.55111462141e-05
U1,29,3.55111462141e-05
U6,29,3.55111462141e-05
R4,29,3.55111462141e-05
47,29,3.55111462141e-05
57,28,3.42866239308e-05
V5,28,3.42866239308e-05
AP,27,3.30621016476e-05
Q7,27,3.30621016476e-05
O9,27,3.30621016476e-05
46,26,3.18375793644e-05
M6,25,3.06130570811e-05
Q8,24,2.93885347979e-05
85,24,2.93885347979e-05
49,23,2.81640125146e-05
87,23,2.81640125146e-05
Y2,23,2.81640125146e-05
X2,23,2.81640125146e-05
71,21,2.57149679481e-05
65,21,2.57149679481e-05
Q6,20,2.44904456649e-05
45,19,2.32659233816e-05
P5,19,2.32659233816e-05
R6,18,2.20414010984e-05
R2,18,2.20414010984e-05
R9,15,1.83678342487e-05
S1,15,1.83678342487e-05
76,14,1.71433119654e-05
S7,14,1.71433119654e-05
F1,14,1.71433119654e-05
L4,13,1.59187896822e-05
T3,12,1.46942673989e-05
62,11,1.34697451157e-05
43,11,1.34697451157e-05
P1,11,1.34697451157e-05
88,11,1.34697451157e-05
YT,10,1.22452228324e-05
79,10,1.22452228324e-05
67,9,1.10207005492e-05
R7,9,1.10207005492e-05
63,8,9.79617826595e-06
F3,8,9.79617826595e-06
H1,8,9.79617826595e-06
NT,8,9.79617826595e-06
91,8,9.79617826595e-06
G3,7,8.57165598271e-06
E8,6,7.34713369947e-06
90,6,7.34713369947e-06
89,5,6.12261141622e-06
I8,5,6.12261141622e-06
T4,4,4.89808913298e-06
W8,4,4.89808913298e-06
H6,4,4.89808913298e-06
NU,4,4.89808913298e-06
M8,3,3.67356684973e-06
AA,3,3.67356684973e-06
64,3,3.67356684973e-06
O5,2,2.44904456649e-06
W3,2,2.44904456649e-06
70,2,2.44904456649e-06
69,1,1.22452228324e-06
92,1,1.22452228324e-06
S2,1,1.22452228324e-06
S3,1,1.22452228324e-06
U5,1,1.22452228324e-06
