25000,199530,0.250722210145
35000,116392,0.146253994303
100000,113154,0.142185240148
15000,83365,0.104753455865
45000,59701,0.0750181259354
55000,46325,0.0582103261914
75000,37296,0.0468648100515
65000,36440,0.045789191288
85000,31702,0.0398355911694
300000,24752,0.0311024715357
9500,9356,0.0117564125601
500000,6111,0.00767886245776
8500,5800,0.00728807106121
7500,5778,0.00726042665373
6500,5514,0.00692869376405
5500,5115,0.0064273247376
700000,4581,0.00575631957438
4500,1808,0.00227186766873
3500,973,0.00122263674872
5000000,757,0.000951218929885
900000,711,0.000893416986986
625,351,0.000441053955601
2500,206,0.00025885217907
1875,68,8.54463503728e-05
1375,15,1.8848459641e-05
875,11,1.38222037368e-05
1625,7,8.79594783249e-06
1125,2,2.51312795214e-06
None,0,0.0
