0,8992,0.181605202569
501,3054,0.0616795249828
803,2550,0.0515005856929
807,1649,0.0333037120814
602,1421,0.0286989538312
623,1076,0.0217312275316
504,1043,0.0210647493638
511,1017,0.0205396453528
819,980,0.0197923819526
618,936,0.0189037443955
506,915,0.0184796219251
524,807,0.0162984206487
753,802,0.0161974391081
751,704,0.0142182009129
505,661,0.0133497596639
613,629,0.0127034778043
534,624,0.0126024962637
539,608,0.0122793553338
510,558,0.0112695399281
862,536,0.0108252211496
528,528,0.0106636506847
820,522,0.010542472836
825,474,0.00957305004645
770,426,0.00860362725694
560,404,0.00815930847841
609,403,0.0081391121703
616,398,0.00803813062972
517,386,0.00779577493234
535,364,0.00735145615382
839,346,0.00698792260775
508,337,0.00680615583471
617,311,0.00628105182373
659,308,0.00622046289938
515,298,0.00601849981823
512,296,0.005978107202
527,292,0.00589732196954
533,282,0.0056953588884
641,275,0.00555398473159
635,270,0.00545300319102
548,225,0.00454416932585
630,222,0.0044835804015
567,217,0.00438259886093
810,209,0.00422102839601
518,208,0.00420083208789
790,208,0.00420083208789
514,203,0.00409985054732
532,203,0.00409985054732
563,202,0.00407965423921
744,197,0.00397867269863
529,194,0.00391808377429
566,192,0.00387769115806
622,182,0.00367572807691
650,181,0.00365553176879
789,178,0.00359494284445
544,175,0.0035343539201
571,172,0.00347376499576
521,169,0.00341317607141
561,169,0.00341317607141
556,164,0.00331219453084
866,159,0.00321121299027
538,156,0.00315062406592
542,156,0.00315062406592
652,153,0.00309003514158
640,147,0.00296885729289
693,145,0.00292846467666
541,145,0.00292846467666
881,144,0.00290826836854
679,140,0.00282748313608
669,136,0.00274669790362
686,136,0.00274669790362
555,135,0.00272650159551
671,130,0.00262552005493
658,129,0.00260532374682
557,129,0.00260532374682
547,125,0.00252453851436
752,124,0.00250434220624
500,120,0.00242355697379
678,117,0.00236296804944
757,117,0.00236296804944
625,114,0.0023023791251
577,113,0.00228218281698
716,111,0.00224179020075
637,110,0.00222159389264
619,110,0.00222159389264
546,109,0.00220139758452
648,108,0.00218120127641
564,105,0.00212061235206
513,104,0.00210041604395
855,102,0.00206002342772
801,100,0.00201963081149
675,94,0.0018984529628
588,92,0.00185806034657
682,89,0.00179747142222
811,87,0.00175707880599
507,87,0.00175707880599
722,86,0.00173688249788
523,86,0.00173688249788
828,86,0.00173688249788
573,85,0.00171668618976
604,84,0.00169648988165
724,83,0.00167629357353
725,83,0.00167629357353
691,83,0.00167629357353
575,81,0.00163590095731
632,80,0.00161570464919
551,80,0.00161570464919
530,79,0.00159550834108
800,79,0.00159550834108
509,78,0.00157531203296
868,78,0.00157531203296
574,78,0.00157531203296
670,76,0.00153491941673
570,74,0.0014945268005
543,72,0.00145413418427
765,71,0.00143393787616
636,70,0.00141374156804
743,70,0.00141374156804
545,68,0.00137334895181
702,68,0.00137334895181
612,67,0.0013531526437
519,67,0.0013531526437
718,66,0.00133295633558
804,65,0.00131276002747
709,64,0.00129256371935
649,63,0.00127236741124
520,63,0.00127236741124
605,63,0.00127236741124
642,62,0.00125217110312
611,60,0.00121177848689
610,58,0.00117138587066
503,55,0.00111079694632
705,55,0.00111079694632
550,53,0.00107040433009
698,53,0.00107040433009
813,53,0.00107040433009
531,52,0.00105020802197
687,50,0.00100981540574
600,48,0.000969422789514
522,48,0.000969422789514
592,47,0.000949226481399
651,46,0.000929030173284
540,46,0.000929030173284
536,45,0.000908833865169
581,45,0.000908833865169
525,44,0.000888637557055
634,42,0.000848244940825
633,42,0.000848244940825
762,41,0.00082804863271
624,41,0.00082804863271
526,39,0.00078765601648
758,39,0.00078765601648
516,39,0.00078765601648
692,38,0.000767459708365
656,37,0.00074726340025
676,36,0.000727067092136
549,34,0.000686674475906
603,34,0.000686674475906
764,34,0.000686674475906
773,34,0.000686674475906
628,33,0.000666478167791
662,31,0.000626085551561
598,31,0.000626085551561
576,30,0.000605889243446
643,30,0.000605889243446
756,30,0.000605889243446
771,29,0.000585692935331
502,28,0.000565496627217
584,27,0.000545300319102
746,27,0.000545300319102
736,26,0.000525104010987
537,26,0.000525104010987
554,26,0.000525104010987
759,25,0.000504907702872
606,25,0.000504907702872
657,25,0.000504907702872
802,25,0.000504907702872
627,25,0.000504907702872
644,24,0.000484711394757
582,24,0.000484711394757
673,21,0.000424122470412
565,21,0.000424122470412
737,21,0.000424122470412
754,20,0.000403926162298
569,20,0.000403926162298
710,19,0.000383729854183
717,19,0.000383729854183
553,19,0.000383729854183
559,16,0.000323140929838
661,16,0.000323140929838
745,16,0.000323140929838
821,15,0.000302944621723
734,14,0.000282748313608
558,14,0.000282748313608
760,14,0.000282748313608
767,14,0.000282748313608
639,13,0.000262552005493
749,12,0.000242355697379
638,11,0.000222159389264
647,11,0.000222159389264
597,10,0.000201963081149
747,8,0.000161570464919
755,8,0.000161570464919
552,7,0.000141374156804
631,6,0.000121177848689
740,6,0.000121177848689
766,5,0.000100981540574
583,4,8.07852324595e-05
626,4,8.07852324595e-05
711,4,8.07852324595e-05
596,3,6.05889243446e-05
None,0,0.0
