2,1653,0.405644171779
3,1189,0.291779141104
1,465,0.114110429448
4,421,0.103312883436
5,207,0.0507975460123
6,64,0.0157055214724
7,19,0.00466257668712
12,14,0.00343558282209
8,10,0.00245398773006
15,9,0.00220858895706
9,7,0.00171779141104
10,3,0.000736196319018
26,2,0.000490797546012
33,1,0.000245398773006
64,1,0.000245398773006
16,1,0.000245398773006
18,1,0.000245398773006
23,1,0.000245398773006
28,1,0.000245398773006
39,1,0.000245398773006
11,1,0.000245398773006
14,1,0.000245398773006
17,1,0.000245398773006
24,1,0.000245398773006
29,1,0.000245398773006
None,0,0.0
