CA,6013,0.121430590896
TX,3250,0.0656326992205
FL,2591,0.0523244072862
NY,2496,0.0504059130013
IL,1810,0.0365523647966
02,1699,0.0343107556848
OH,1540,0.0310998020922
NJ,1532,0.0309382446787
PA,1414,0.0285552728301
07,1304,0.0263338583949
WA,1257,0.0253847085908
ZZ,1251,0.0252635405307
NC,1198,0.0241932226665
MI,1158,0.0233854355992
GA,1157,0.0233652409225
04,1019,0.0205783755402
AZ,1006,0.0203158447433
VA,951,0.0192051375257
CO,917,0.0185185185185
MA,887,0.017912678218
MO,792,0.0159941839331
OR,789,0.0159335999031
WI,738,0.0149036713922
MN,725,0.0146411405953
IN,671,0.0135506280544
TN,653,0.0131871238741
MD,603,0.01217739004
08,589,0.0118946645664
LA,487,0.00983480754473
AL,459,0.0092693565976
KY,451,0.00910779918414
NV,447,0.0090270204774
SC,443,0.00894624177067
UT,417,0.00842118017691
CT,390,0.00787592390646
IA,379,0.00765378246294
KS,373,0.00753261440284
OK,367,0.00741144634274
05,336,0.00678541136556
AR,279,0.00563431479462
NM,236,0.00476594369724
NE,236,0.00476594369724
ON,235,0.00474574902056
DC,212,0.00428127145684
DE,207,0.00418029807343
ID,207,0.00418029807343
HI,197,0.0039783513066
NH,190,0.00383698856981
MS,189,0.00381679389313
00,184,0.00371582050971
WV,155,0.0031301748859
BC,149,0.0030090068258
ME,145,0.00292822811907
AB,133,0.00268589199887
RI,120,0.00242336120199
QC,116,0.00234258249525
SD,113,0.0022819984652
ND,112,0.00226180378852
01,108,0.00218102508179
MT,101,0.00203966234501
AK,94,0.00189829960822
40,82,0.00165596348802
06,73,0.00147421139788
VT,62,0.00125206995436
WY,62,0.00125206995436
27,61,0.00123187527768
E7,55,0.00111070721758
44,46,0.000928955127428
09,44,0.000888565774062
D9,36,0.000727008360596
21,35,0.000706813683913
30,34,0.00068661900723
03,33,0.000666424330546
14,32,0.000646229653863
34,31,0.00062603497718
15,30,0.000605840300497
20,28,0.00056545094713
19,27,0.000545256270447
MB,26,0.000525061593764
12,25,0.000504866917081
18,22,0.000444282887031
G2,22,0.000444282887031
23,20,0.000403893533665
11,19,0.000383698856981
25,19,0.000383698856981
SK,18,0.000363504180298
13,18,0.000363504180298
E9,18,0.000363504180298
26,17,0.000343309503615
F2,17,0.000343309503615
NS,15,0.000302920150248
10,15,0.000302920150248
NB,14,0.000282725473565
32,12,0.000242336120199
24,11,0.000222141443515
29,10,0.000201946766832
NL,10,0.000201946766832
22,9,0.000181752090149
B7,8,0.000161557413466
38,8,0.000161557413466
G1,8,0.000161557413466
28,8,0.000161557413466
16,6,0.000121168060099
F7,6,0.000121168060099
F9,5,0.000100973383416
33,5,0.000100973383416
31,5,0.000100973383416
43,4,8.07787067329e-05
ERROR,4,8.07787067329e-05
PE,4,8.07787067329e-05
17,4,8.07787067329e-05
42,3,6.05840300497e-05
H9,3,6.05840300497e-05
53,3,6.05840300497e-05
B2,3,6.05840300497e-05
H5,2,4.03893533665e-05
B4,2,4.03893533665e-05
NT,2,4.03893533665e-05
F1,2,4.03893533665e-05
F4,2,4.03893533665e-05
37,2,4.03893533665e-05
YT,2,4.03893533665e-05
47,2,4.03893533665e-05
AE,2,4.03893533665e-05
AP,2,4.03893533665e-05
C3,2,4.03893533665e-05
E8,2,4.03893533665e-05
41,1,2.01946766832e-05
A4,1,2.01946766832e-05
62,1,2.01946766832e-05
66,1,2.01946766832e-05
68,1,2.01946766832e-05
C5,1,2.01946766832e-05
J1,1,2.01946766832e-05
78,1,2.01946766832e-05
84,1,2.01946766832e-05
F3,1,2.01946766832e-05
35,1,2.01946766832e-05
39,1,2.01946766832e-05
M3,1,2.01946766832e-05
A1,1,2.01946766832e-05
46,1,2.01946766832e-05
60,1,2.01946766832e-05
65,1,2.01946766832e-05
67,1,2.01946766832e-05
C8,1,2.01946766832e-05
76,1,2.01946766832e-05
L7,1,2.01946766832e-05
F8,1,2.01946766832e-05
