25000,12727,0.264880952381
100000,6824,0.142024642025
35000,5656,0.117715617716
15000,4776,0.0994005994006
45000,3950,0.0822094572095
55000,3159,0.0657467532468
65000,2362,0.0491591741592
75000,2230,0.0464119214119
85000,1723,0.03585997336
300000,1629,0.0339035964036
9500,570,0.0118631368631
8500,398,0.00828338328338
500000,365,0.00759657009657
7500,360,0.00749250749251
700000,344,0.00715950715951
6500,335,0.00697219447219
5500,269,0.00559856809857
4500,145,0.00301781551782
5000000,72,0.0014985014985
3500,68,0.00141525141525
2500,27,0.000561938061938
900000,26,0.000541125541126
625,15,0.000312187812188
1375,8,0.0001665001665
1625,8,0.0001665001665
875,2,4.1625041625e-05
None,0,0.0
