0,221913,0.2527267033
501,58535,0.0666628704837
803,29408,0.0334914443527
504,24186,0.0275443441619
511,23694,0.0269840275603
602,23174,0.026391823022
807,18401,0.0209560686729
506,18183,0.0207077983088
623,17341,0.0197488824986
524,15307,0.0174324516698
618,14565,0.0165874213478
819,11019,0.0125490419383
539,10718,0.012206246619
505,10643,0.0121208325029
613,10361,0.0117996754264
534,10121,0.0115263502548
753,10013,0.0114033539276
510,9618,0.0109535062495
751,9371,0.0106722090938
528,8862,0.0100925319591
560,8321,0.00947641146827
508,6994,0.00796515104063
535,6864,0.00781709990604
517,6644,0.00756655183213
616,6438,0.00733194772656
512,6283,0.00715542521994
609,6283,0.00715542521994
820,5918,0.00673974318822
533,5843,0.00665432907212
770,5837,0.00664749594283
825,5818,0.00662585770008
862,5696,0.00648691740455
617,5387,0.00613501124619
515,5084,0.00578993821712
527,4964,0.00565327563135
659,4858,0.00553255701392
635,4640,0.00528428664977
839,4391,0.0050007117843
548,4255,0.00484582752043
544,4128,0.00470119295049
641,4066,0.00463058394784
566,3965,0.00451555960482
514,3821,0.00435156450189
567,3791,0.00431739885545
556,3555,0.00404862910344
518,3451,0.00393018819577
563,3370,0.00383794095037
532,3340,0.00380377530393
561,3270,0.00372405546223
529,3264,0.00371722233294
521,3200,0.00364433562053
630,3172,0.00361244768385
650,3142,0.00357828203741
571,3081,0.00350881188964
542,3014,0.00343250861259
622,2981,0.0033949264015
640,2723,0.0031011018421
577,2666,0.00303618711386
538,2644,0.00301113230647
555,2635,0.00300088261253
790,2618,0.00298152207955
500,2616,0.00297924436979
671,2533,0.00288471941463
652,2489,0.00283460979985
541,2354,0.00268086439085
557,2288,0.00260569996868
669,2281,0.00259772798451
679,2280,0.00259658912963
686,2187,0.00249067562566
789,2170,0.00247131509267
693,2167,0.00246789852803
658,2062,0.00234831876548
744,2057,0.00234262449107
546,2037,0.00231984739345
678,2018,0.0022982091507
564,1952,0.00222304472853
547,1895,0.00215813000028
573,1880,0.00214104717706
513,1863,0.00212168664408
625,1773,0.00201918970475
588,1766,0.00201121772058
637,1746,0.00198844062295
523,1690,0.00192466474959
648,1677,0.00190985963614
752,1673,0.00190530421661
881,1663,0.0018939156678
619,1648,0.00187683284457
866,1644,0.00187227742505
716,1634,0.00186088887623
507,1552,0.00176750277596
722,1552,0.00176750277596
675,1550,0.0017652250662
574,1539,0.0017526976625
757,1516,0.00172650400023
575,1478,0.00168322751473
551,1469,0.0016729778208
691,1452,0.00165361728782
543,1400,0.00159439683398
519,1365,0.00155453691313
545,1324,0.001507843863
682,1318,0.00150101073371
530,1279,0.00145659539333
604,1278,0.00145545653845
612,1240,0.00141218005296
632,1236,0.00140762463343
725,1227,0.0013973749395
670,1221,0.00139054181021
811,1207,0.00137459784187
531,1157,0.0013176550978
702,1156,0.00131651624292
724,1153,0.00131309967827
718,1146,0.0013051276941
570,1146,0.0013051276941
810,1146,0.0013051276941
801,1134,0.00129146143553
636,1077,0.00122654670729
536,1064,0.00121174159383
509,1056,0.00120263075478
855,1046,0.00119124220596
649,1038,0.00118213136691
765,1026,0.00116846510833
605,1016,0.00115707655952
520,1014,0.00115479884976
503,944,0.00107507900806
642,936,0.00106596816901
550,916,0.00104319107138
522,880,0.00100219229565
709,871,0.000991942601714
698,856,0.000974859778493
540,820,0.000933861002762
592,805,0.00091677817954
502,803,0.000914500469778
705,803,0.000914500469778
610,803,0.000914500469778
687,802,0.000913361614896
584,795,0.000905389630726
828,794,0.000904250775845
800,783,0.000891723372149
516,783,0.000891723372149
804,768,0.000874640548928
611,748,0.0008518634513
743,745,0.000848446886655
868,737,0.000839336047604
634,697,0.000793781852347
633,689,0.000784671013296
600,680,0.000774421319363
525,654,0.000744811092447
624,647,0.000736839108277
676,644,0.000733422543632
651,613,0.000698118042308
526,603,0.000686729493494
576,602,0.000685590638613
692,579,0.00065939697634
628,560,0.000637758733593
813,546,0.000621814765254
764,537,0.000611565071321
656,536,0.000610426216439
581,526,0.000599037667625
627,519,0.000591065683455
762,517,0.000588787973692
582,504,0.000573982860234
603,478,0.000544372633317
673,474,0.000539817213792
662,470,0.000535261794266
746,466,0.00053070637474
758,462,0.000526150955215
598,458,0.000521595535689
559,457,0.000520456680807
537,448,0.000510206986875
554,440,0.000501096147823
606,439,0.000499957292942
569,433,0.000493124163653
759,423,0.000481735614839
565,423,0.000481735614839
553,420,0.000478319050195
736,408,0.000464652791618
773,406,0.000462375081855
657,404,0.000460097372092
756,398,0.000453264242804
549,376,0.000428209435413
644,362,0.000412265467073
754,339,0.0003860718048
710,323,0.000367850126698
643,321,0.000365572416935
734,320,0.000364433562053
737,320,0.000364433562053
771,300,0.000341656464425
717,290,0.000330267915611
597,275,0.00031318509239
821,249,0.000283574865473
639,236,0.000268769752014
558,221,0.000251686928793
767,218,0.000248270364149
760,207,0.000235742960453
755,203,0.000231187540928
661,202,0.000230048686046
802,188,0.000214104717706
638,173,0.000197021894485
647,170,0.000193605329841
631,166,0.000189049910315
745,166,0.000189049910315
711,162,0.00018449449079
596,158,0.000179939071264
749,146,0.000166272812687
766,132,0.000150328844347
552,103,0.000117302052786
747,91,0.000103635794209
740,85,9.68026649204e-05
626,85,9.68026649204e-05
583,59,6.71924380036e-05
798,8,9.11083905133e-06
None,0,0.0
