3,149980,0.170725155039
2,140451,0.15987810875
1,130547,0.148604192658
4,127268,0.144871643096
0,125171,0.142484587154
5,98000,0.111555308667
6,59785,0.0680544298841
7,22274,0.0253549280127
8,11382,0.012956352278
9,5682,0.00646793126372
10,3440,0.0039158189981
11,2554,0.00290726794219
12,1099,0.00125101310433
13,559,0.000636320587191
14,80,9.10655580953e-05
15,43,4.89477374762e-05
16,32,3.64262232381e-05
18,23,2.61813479524e-05
19,16,1.82131116191e-05
17,15,1.70747921429e-05
24,12,1.36598337143e-05
25,10,1.13831947619e-05
20,10,1.13831947619e-05
22,9,1.02448752857e-05
21,6,6.82991685715e-06
23,6,6.82991685715e-06
27,6,6.82991685715e-06
34,4,4.55327790476e-06
28,4,4.55327790476e-06
30,3,3.41495842857e-06
51,2,2.27663895238e-06
26,2,2.27663895238e-06
29,2,2.27663895238e-06
37,2,2.27663895238e-06
35,1,1.13831947619e-06
39,1,1.13831947619e-06
57,1,1.13831947619e-06
91,1,1.13831947619e-06
99,1,1.13831947619e-06
31,1,1.13831947619e-06
38,1,1.13831947619e-06
40,1,1.13831947619e-06
54,1,1.13831947619e-06
