2,266943,0.446439262934
3,154033,0.257606975974
1,77006,0.128785927638
4,58861,0.0984399720372
5,22681,0.0379320263974
6,6955,0.0116316407387
7,3151,0.00526977713408
8,1661,0.00277787998087
9,1113,0.00186139700103
11,1076,0.00179951767575
10,802,0.00134127618583
18,581,0.000971672648335
12,415,0.000694051891668
13,254,0.000424793205985
15,245,0.000409741478213
14,240,0.00040137940723
32,227,0.000379638022671
17,199,0.000332810425161
16,158,0.000264241443093
39,155,0.000259224200502
33,154,0.000257551786306
24,99,0.000165569005482
41,87,0.000145500035121
26,85,0.000142155206727
29,81,0.00013546554994
23,74,0.000123758650562
42,47,7.86034672491e-05
43,44,7.35862246587e-05
22,34,5.68620826908e-05
28,33,5.51896684941e-05
30,32,5.35172542973e-05
36,28,4.68275975101e-05
40,28,4.68275975101e-05
19,27,4.51551833133e-05
53,26,4.34827691165e-05
20,26,4.34827691165e-05
1000,26,4.34827691165e-05
45,23,3.84655265262e-05
25,22,3.67931123294e-05
37,21,3.51206981326e-05
38,21,3.51206981326e-05
48,20,3.34482839358e-05
21,19,3.1775869739e-05
27,17,2.84310413454e-05
60,14,2.34137987551e-05
51,11,1.83965561647e-05
61,9,1.50517277711e-05
56,8,1.33793135743e-05
64,8,1.33793135743e-05
34,7,1.17068993775e-05
46,6,1.00344851807e-05
102,6,1.00344851807e-05
134,5,8.36207098395e-06
77,4,6.68965678716e-06
72,3,5.01724259037e-06
31,3,5.01724259037e-06
35,3,5.01724259037e-06
55,3,5.01724259037e-06
117,2,3.34482839358e-06
47,2,3.34482839358e-06
65,2,3.34482839358e-06
126,1,1.67241419679e-06
52,1,1.67241419679e-06
54,1,1.67241419679e-06
78,1,1.67241419679e-06
85,1,1.67241419679e-06
44,1,1.67241419679e-06
123,1,1.67241419679e-06
66,1,1.67241419679e-06
74,1,1.67241419679e-06
82,1,1.67241419679e-06
90,1,1.67241419679e-06
98,1,1.67241419679e-06
None,0,0.0
