CA,67141,0.0764279079509
TX,51640,0.0587828177505
NY,51220,0.0583047235705
FL,44449,0.0505971623972
ZZ,35477,0.0403841600568
PA,29521,0.0336043292566
IL,28859,0.0328507617634
OH,27346,0.0311284843959
NJ,25282,0.0287789929971
NC,21966,0.025004325614
VA,21587,0.0245729025325
GA,20900,0.0237908770524
MI,19351,0.0220276201838
MA,18124,0.0206309021865
H9,16337,0.0185967252825
WA,14182,0.0161436468113
MD,13886,0.0158067042464
MO,12734,0.0144953602098
AZ,12512,0.0142426532861
WI,12293,0.0139933613208
MN,11972,0.013627960769
CO,11952,0.0136051943794
TN,11443,0.0130257897661
IN,11318,0.0128834998315
07,9576,0.010900547304
02,8382,0.00954139384943
CT,8335,0.00948789283405
SC,8077,0.00919420640919
LA,7685,0.00874798517453
OR,7662,0.00872180382657
KY,7525,0.00856585405834
AL,7447,0.00847706513919
OK,6384,0.007267031536
DE,6177,0.00703139940443
04,6157,0.00700863301491
IA,5923,0.00674226625748
KS,5835,0.00664209414357
UT,5784,0.00658403985029
ON,5690,0.00647703781953
NV,5659,0.00644174991576
DC,4949,0.00563354308767
AR,4238,0.0048241979401
NE,4024,0.00458059757219
MS,3392,0.00386117966324
WV,3338,0.00379971041153
NH,3154,0.00359025962791
05,3047,0.00346845944395
ME,2991,0.00340471355329
08,2892,0.00329201992514
NM,2881,0.00327949841091
ID,2596,0.00295507736019
01,2542,0.00289360810848
QC,2470,0.00281164910619
I2,2229,0.00253731411243
A7,2198,0.00250202620867
RI,2197,0.00250088788919
HI,2065,0.00235062971833
09,2018,0.00229712870295
06,1770,0.00201482547286
00,1748,0.00198978244438
V2,1728,0.00196701605486
27,1703,0.00193855806795
11,1650,0.00187822713572
L9,1627,0.00185204578776
N7,1617,0.001840662593
MT,1616,0.00183952427352
SD,1598,0.00181903452295
ND,1589,0.00180878964767
H3,1587,0.00180651300871
16,1524,0.00173479888171
BC,1508,0.0017165857701
H2,1497,0.00170406425586
H8,1475,0.00167902122738
B7,1449,0.001649424921
F2,1442,0.00164145668467
A8,1435,0.00163348844833
AB,1428,0.001625520212
17,1428,0.001625520212
J8,1412,0.00160730710038
E4,1410,0.00160503046143
F8,1401,0.00159478558614
G5,1374,0.00156405096029
15,1371,0.00156063600186
26,1295,0.00147412372167
VT,1282,0.00145932556848
21,1225,0.00139444135833
I9,1175,0.00133752538452
03,1171,0.00133297210662
C3,1165,0.00132614218976
18,1147,0.00130565243919
K2,1097,0.00124873646538
H4,1091,0.00124190654852
12,1067,0.0012145868811
40,1019,0.00115994754624
AK,1009,0.00114856435148
10,977,0.00111213812824
U8,975,0.00110986148929
WY,967,0.00110075493348
B4,962,0.0010950633361
13,958,0.00109051005819
J1,941,0.0010711586271
E6,927,0.00105522215443
14,927,0.00105522215443
P6,912,0.00103814736229
M4,885,0.00100741273643
I7,880,0.00100172113905
20,868,0.000988061305334
B9,853,0.000970986513191
M3,821,0.000934560289953
N5,804,0.000915208858857
N4,767,0.000873091038238
19,749,0.000852601287667
R3,748,0.000851462968191
H7,737,0.000838941453953
B6,732,0.000833249856572
25,732,0.000833249856572
D4,710,0.000808206828096
29,695,0.000791132035953
D9,679,0.000772918924334
I6,666,0.000758120771143
C5,662,0.000753567493238
B8,659,0.00075015253481
Q3,654,0.000744460937429
X5,646,0.000735354381619
34,640,0.000728524464762
Q4,619,0.000704619755762
28,612,0.000696651519429
K7,593,0.000675023449381
C8,585,0.000665916893572
P3,564,0.000642012184572
23,560,0.000637458906667
B2,558,0.000635182267715
G6,552,0.000628352350857
C7,546,0.000621522434
K4,540,0.000614692517143
N1,534,0.000607862600286
30,530,0.000603309322381
T5,500,0.000569159738095
Z1,498,0.000566883099143
56,495,0.000563468140715
P8,491,0.00055891486281
I3,473,0.000538425112238
V1,460,0.000523626959048
G8,447,0.000508828805857
51,447,0.000508828805857
Q5,440,0.000500860569524
C6,436,0.000496307291619
J9,433,0.000492892333191
G7,431,0.000490615694238
K3,423,0.000481509138429
E2,422,0.000480370818953
G1,419,0.000476955860524
H5,417,0.000474679221572
D3,414,0.000471264263143
A4,413,0.000470125943667
A9,411,0.000467849304714
F9,407,0.00046329602681
K6,406,0.000462157707334
N6,396,0.000450774512572
C9,396,0.000450774512572
M1,394,0.000448497873619
P7,392,0.000446221234667
MB,390,0.000443944595714
NS,385,0.000438252998334
D8,384,0.000437114678857
B5,382,0.000434838039905
22,382,0.000434838039905
F4,376,0.000428008123048
K8,374,0.000425731484095
L3,374,0.000425731484095
N2,372,0.000423454845143
A2,371,0.000422316525667
I1,366,0.000416624928286
D7,351,0.000399550136143
B1,346,0.000393858538762
J7,346,0.000393858538762
NB,331,0.000376783746619
K9,329,0.000374507107667
D2,312,0.000355155676572
D6,306,0.000348325759714
A1,301,0.000342634162333
SK,299,0.000340357523381
null,299,0.000340357523381
K1,297,0.000338080884429
L7,296,0.000336942564953
O8,293,0.000333527606524
A3,293,0.000333527606524
O7,289,0.000328974328619
M9,285,0.000324421050714
L1,283,0.000322144411762
N3,281,0.00031986777281
X4,280,0.000318729453333
P9,279,0.000317591133857
60,276,0.000314176175429
B3,274,0.000311899536476
I4,269,0.000306207939095
F6,266,0.000302792980667
E5,265,0.000301654661191
Y9,257,0.000292548105381
U3,249,0.000283441549572
P2,245,0.000278888271667
A5,243,0.000276611632714
D5,234,0.000266366757429
E7,233,0.000265228437952
N8,233,0.000265228437952
J5,221,0.000251568604238
24,219,0.000249291965286
A6,217,0.000247015326333
Y6,215,0.000244738687381
L2,213,0.000242462048429
N9,208,0.000236770451048
32,207,0.000235632131572
78,207,0.000235632131572
97,206,0.000234493812095
AE,205,0.000233355492619
J2,201,0.000228802214714
V8,197,0.00022424893681
Y4,191,0.000217419019952
C1,188,0.000214004061524
L6,188,0.000214004061524
K5,185,0.000210589103095
31,184,0.000209450783619
Z4,178,0.000202620866762
J3,176,0.00020034422781
W1,166,0.000188961033048
E3,165,0.000187822713572
53,164,0.000186684394095
NL,163,0.000185546074619
W9,162,0.000184407755143
M7,162,0.000184407755143
C2,161,0.000183269435667
48,160,0.000182131116191
M2,157,0.000178716157762
M5,157,0.000178716157762
Z5,154,0.000175301199333
O2,149,0.000169609601952
W5,148,0.000168471282476
U9,146,0.000166194643524
P4,144,0.000163918004571
58,143,0.000162779685095
J6,143,0.000162779685095
Z7,140,0.000159364726667
Y1,138,0.000157088087714
35,137,0.000155949768238
O3,137,0.000155949768238
G2,135,0.000153673129286
59,135,0.000153673129286
F7,134,0.00015253480981
L5,133,0.000151396490333
X7,132,0.000150258170857
Y5,129,0.000146843212429
52,128,0.000145704892952
42,126,0.000143428254
U4,123,0.000140013295571
E1,119,0.000135460017667
55,118,0.000134321698191
E9,117,0.000133183378714
Q1,115,0.000130906739762
38,113,0.00012863010081
83,112,0.000127491781333
D1,111,0.000126353461857
X3,108,0.000122938503429
ERROR,106,0.000120661864476
W2,100,0.000113831947619
O4,100,0.000113831947619
O1,97,0.000110416989191
Z3,95,0.000108140350238
73,92,0.00010472539181
S6,91,0.000103587072333
F5,91,0.000103587072333
81,89,0.000101310433381
54,87,9.90337944286e-05
99,86,9.78954749524e-05
O6,85,9.67571554762e-05
68,85,9.67571554762e-05
Q2,84,9.5618836e-05
86,83,9.44805165238e-05
J4,82,9.33421970477e-05
PE,80,9.10655580953e-05
66,77,8.76505996667e-05
77,76,8.65122801905e-05
S5,75,8.53739607143e-05
Z8,75,8.53739607143e-05
V3,75,8.53739607143e-05
R8,73,8.30973217619e-05
Z6,69,7.85440438572e-05
44,69,7.85440438572e-05
Y7,68,7.7405724381e-05
W6,67,7.62674049048e-05
W7,66,7.51290854286e-05
72,66,7.51290854286e-05
T2,63,7.1714127e-05
W4,63,7.1714127e-05
Y8,63,7.1714127e-05
47,61,6.94374880476e-05
39,60,6.82991685715e-05
33,59,6.71608490953e-05
T6,58,6.60225296191e-05
S9,58,6.60225296191e-05
36,57,6.48842101429e-05
82,56,6.37458906667e-05
Y3,56,6.37458906667e-05
37,55,6.26075711905e-05
X9,55,6.26075711905e-05
L8,55,6.26075711905e-05
61,54,6.14692517143e-05
98,53,6.03309322381e-05
57,52,5.91926127619e-05
X6,49,5.57776543334e-05
G9,48,5.46393348572e-05
80,46,5.23626959048e-05
V4,45,5.12243764286e-05
74,45,5.12243764286e-05
U2,45,5.12243764286e-05
X8,45,5.12243764286e-05
50,44,5.00860569524e-05
Z2,43,4.89477374762e-05
V7,43,4.89477374762e-05
75,41,4.66710985238e-05
46,40,4.55327790476e-05
T1,39,4.43944595714e-05
45,38,4.32561400953e-05
Q6,37,4.21178206191e-05
85,36,4.09795011429e-05
T9,36,4.09795011429e-05
AP,35,3.98411816667e-05
65,35,3.98411816667e-05
X1,35,3.98411816667e-05
T8,34,3.87028621905e-05
T7,31,3.52879037619e-05
41,31,3.52879037619e-05
84,31,3.52879037619e-05
Q9,30,3.41495842857e-05
71,30,3.41495842857e-05
S1,29,3.30112648095e-05
Y2,29,3.30112648095e-05
V5,28,3.18729453333e-05
Q7,27,3.07346258572e-05
76,26,2.9596306381e-05
O9,26,2.9596306381e-05
P5,26,2.9596306381e-05
87,26,2.9596306381e-05
91,25,2.84579869048e-05
X2,25,2.84579869048e-05
Q8,24,2.73196674286e-05
L4,24,2.73196674286e-05
90,24,2.73196674286e-05
R6,24,2.73196674286e-05
R2,23,2.61813479524e-05
62,23,2.61813479524e-05
V6,22,2.50430284762e-05
U6,22,2.50430284762e-05
67,22,2.50430284762e-05
U1,21,2.3904709e-05
88,20,2.27663895238e-05
70,18,2.04897505714e-05
R4,17,1.93514310952e-05
43,16,1.82131116191e-05
M6,16,1.82131116191e-05
S7,16,1.82131116191e-05
R9,15,1.70747921429e-05
49,15,1.70747921429e-05
79,14,1.59364726667e-05
YT,13,1.47981531905e-05
R7,12,1.36598337143e-05
S2,10,1.13831947619e-05
P1,10,1.13831947619e-05
I8,9,1.02448752857e-05
F1,9,1.02448752857e-05
63,8,9.10655580953e-06
E8,7,7.96823633334e-06
69,7,7.96823633334e-06
93,7,7.96823633334e-06
NT,6,6.82991685715e-06
S4,6,6.82991685715e-06
H6,5,5.69159738095e-06
AA,5,5.69159738095e-06
W8,5,5.69159738095e-06
S3,5,5.69159738095e-06
T3,4,4.55327790476e-06
89,3,3.41495842857e-06
G3,3,3.41495842857e-06
64,3,3.41495842857e-06
T4,2,2.27663895238e-06
W3,2,2.27663895238e-06
H1,2,2.27663895238e-06
NU,2,2.27663895238e-06
M8,1,1.13831947619e-06
U5,1,1.13831947619e-06
R5,1,1.13831947619e-06
92,1,1.13831947619e-06
G4,1,1.13831947619e-06
U7,1,1.13831947619e-06
F3,1,1.13831947619e-06
