25000,222099,0.260904347172
35000,141806,0.166582478332
100000,117191,0.13766672227
15000,89731,0.105408885119
45000,63370,0.0744420662872
55000,47009,0.0552224569054
75000,34148,0.0401143708312
65000,33537,0.0393966163338
85000,30726,0.0360944757573
300000,25313,0.0297357112818
8500,7097,0.00833699454695
9500,6723,0.0078976489135
7500,6681,0.00784831063381
6500,5236,0.00615083886823
500000,4438,0.00521341155409
5500,4202,0.00493617741106
700000,3178,0.00373326316334
900000,2834,0.00332915915824
4500,2681,0.00314942685365
5000000,1549,0.00181964274387
3500,1017,0.00119469120111
875,331,0.000388832632808
2500,331,0.000388832632808
1875,30,3.52416283512e-05
1125,7,8.22304661528e-06
1625,1,1.17472094504e-06
None,0,0.0
