0,8250,0.164454012678
501,3587,0.0715026113304
803,2284,0.0455288442371
807,1575,0.0313957660567
602,1465,0.0292030458877
511,1281,0.0255352230594
504,1197,0.0238607822031
506,1165,0.0232228999721
623,1045,0.0208308416059
819,980,0.0195351433242
524,957,0.0190766654706
618,909,0.0181198421241
753,799,0.0159271219551
539,769,0.0153291073636
534,668,0.013315791572
613,667,0.0132958577523
751,665,0.0132559901128
505,651,0.0129769166368
510,560,0.0111629390424
528,558,0.0111230714029
820,523,0.0104253877128
560,479,0.00954829964518
862,432,0.00861141011841
770,432,0.00861141011841
517,414,0.00825260136347
609,411,0.00819279990432
825,396,0.00789379260854
535,358,0.00713630745924
616,354,0.00705657218036
533,345,0.00687716780289
508,342,0.00681736634374
512,333,0.00663796196627
617,320,0.00637882230993
515,307,0.00611968265359
839,306,0.00609974883387
635,291,0.00580074153809
659,289,0.00576087389866
527,277,0.00552166806203
641,272,0.00542199896344
567,253,0.00504325638879
810,234,0.00466451381414
532,232,0.0046246461747
548,226,0.00450504325639
563,224,0.00446517561695
790,221,0.0044053741578
566,220,0.00438544033808
514,218,0.00434557269864
518,212,0.00422596978033
561,209,0.00416616832117
630,207,0.00412630068174
521,206,0.00410636686202
622,196,0.00390702866483
544,193,0.00384722720568
571,192,0.00382729338596
577,172,0.00342861699159
529,170,0.00338874935215
652,166,0.00330901407328
640,163,0.00324921261412
542,163,0.00324921261412
538,161,0.00320934497468
744,159,0.00316947733525
556,158,0.00314954351553
650,156,0.00310967587609
500,154,0.00306980823665
669,150,0.00299007295778
789,148,0.00295020531834
671,146,0.00291033767891
541,142,0.00283060240003
686,142,0.00283060240003
679,137,0.00273093330144
555,137,0.00273093330144
564,135,0.002691065662
547,131,0.00261133038313
658,128,0.00255152892397
881,127,0.00253159510425
678,121,0.00241199218594
513,121,0.00241199218594
557,121,0.00241199218594
546,120,0.00239205836622
752,119,0.00237212454651
866,115,0.00229238926763
757,114,0.00227245544791
637,109,0.00217278634932
625,108,0.0021528525296
523,107,0.00213291870988
811,106,0.00211298489016
573,104,0.00207311725073
575,104,0.00207311725073
675,102,0.00203324961129
619,102,0.00203324961129
693,100,0.00199338197185
648,98,0.00195351433242
716,97,0.0019335805127
507,94,0.00187377905354
801,91,0.00181397759439
722,90,0.00179404377467
691,88,0.00175417613523
519,86,0.00171430849579
543,86,0.00171430849579
551,84,0.00167444085636
724,84,0.00167444085636
545,83,0.00165450703664
588,82,0.00163457321692
530,81,0.0016146393972
725,80,0.00159470557748
632,79,0.00157477175776
612,79,0.00157477175776
682,78,0.00155483793805
574,74,0.00147510265917
604,73,0.00145516883945
702,68,0.00135549974086
765,67,0.00133556592114
855,66,0.00131563210142
670,66,0.00131563210142
718,66,0.00131563210142
550,66,0.00131563210142
531,65,0.0012956982817
503,63,0.00125583064227
804,63,0.00125583064227
522,62,0.00123589682255
570,62,0.00123589682255
509,61,0.00121596300283
520,61,0.00121596300283
536,61,0.00121596300283
698,59,0.00117609536339
540,59,0.00117609536339
636,58,0.00115616154367
649,58,0.00115616154367
828,57,0.00113622772396
709,57,0.00113622772396
868,56,0.00111629390424
743,56,0.00111629390424
642,55,0.00109636008452
687,54,0.0010764262648
705,51,0.00101662480565
800,51,0.00101662480565
605,49,0.000976757166208
516,49,0.000976757166208
611,48,0.00095682334649
651,48,0.00095682334649
502,48,0.00095682334649
813,48,0.00095682334649
600,46,0.000916955707053
576,45,0.000897021887334
592,45,0.000897021887334
758,45,0.000897021887334
581,44,0.000877088067616
565,42,0.000837220428178
756,42,0.000837220428178
762,41,0.00081728660846
764,41,0.00081728660846
606,39,0.000777418969023
634,38,0.000757485149304
610,38,0.000757485149304
633,38,0.000757485149304
676,38,0.000757485149304
656,37,0.000737551329586
624,36,0.000717617509867
628,35,0.000697683690149
759,34,0.00067774987043
526,34,0.00067774987043
692,33,0.000657816050712
773,33,0.000657816050712
643,30,0.000598014591556
525,30,0.000598014591556
537,29,0.000578080771837
584,29,0.000578080771837
746,28,0.000558146952119
662,27,0.0005382131324
627,27,0.0005382131324
559,26,0.000518279312682
673,26,0.000518279312682
603,24,0.000478411673245
553,23,0.000458477853526
569,23,0.000458477853526
554,23,0.000458477853526
598,22,0.000438544033808
736,22,0.000438544033808
710,21,0.000418610214089
767,21,0.000418610214089
582,21,0.000418610214089
821,21,0.000418610214089
549,19,0.000378742574652
734,19,0.000378742574652
754,18,0.000358808754934
717,17,0.000338874935215
644,17,0.000338874935215
657,17,0.000338874935215
661,16,0.000318941115497
802,16,0.000318941115497
760,15,0.000299007295778
737,14,0.000279073476059
596,14,0.000279073476059
771,13,0.000259139656341
639,13,0.000259139656341
755,13,0.000259139656341
558,12,0.000239205836622
597,12,0.000239205836622
626,11,0.000219272016904
631,10,0.000199338197185
647,10,0.000199338197185
638,9,0.000179404377467
745,9,0.000179404377467
766,9,0.000179404377467
583,7,0.00013953673803
740,6,0.000119602918311
749,5,9.96690985927e-05
747,3,5.98014591556e-05
552,3,5.98014591556e-05
711,3,5.98014591556e-05
None,0,0.0
