2,14348,0.399365379798
3,11002,0.306232081721
1,4049,0.112700754307
4,3620,0.100759874189
5,1652,0.0459821304312
6,478,0.0133047568681
7,213,0.00592868872992
9,128,0.00356278008183
11,74,0.00205973223481
15,51,0.00141954518886
8,41,0.00114120299496
12,40,0.00111336877557
26,32,0.000890695020458
14,28,0.000779358142901
13,24,0.000668021265344
10,19,0.000528850168397
39,18,0.000501015949008
17,15,0.00041751329084
28,12,0.000334010632672
16,11,0.000306176413282
29,7,0.000194839535725
30,7,0.000194839535725
1000,6,0.000167005316336
41,5,0.000139171096947
18,5,0.000139171096947
32,3,8.3502658168e-05
52,3,8.3502658168e-05
23,3,8.3502658168e-05
33,3,8.3502658168e-05
20,3,8.3502658168e-05
37,2,5.56684387786e-05
65,2,5.56684387786e-05
19,2,5.56684387786e-05
25,2,5.56684387786e-05
31,2,5.56684387786e-05
36,2,5.56684387786e-05
50,2,5.56684387786e-05
22,2,5.56684387786e-05
38,1,2.78342193893e-05
46,1,2.78342193893e-05
62,1,2.78342193893e-05
77,1,2.78342193893e-05
100,1,2.78342193893e-05
42,1,2.78342193893e-05
49,1,2.78342193893e-05
55,1,2.78342193893e-05
134,1,2.78342193893e-05
63,1,2.78342193893e-05
81,1,2.78342193893e-05
None,0,0.0
