CA,5229,0.104231865569
TX,3203,0.0638467518488
FL,2867,0.0571491219327
NY,2861,0.0570295213985
IL,1800,0.0358801602647
NJ,1753,0.0349432894134
PA,1657,0.0330296808659
OH,1591,0.0317140749895
02,1381,0.027528056292
NC,1326,0.0264317180617
GA,1294,0.0257938485459
WA,1277,0.0254549803656
MI,1217,0.0242589750234
MA,1136,0.0226443678115
VA,1099,0.0219068311838
ZZ,1084,0.0216078298483
07,1071,0.0213486953575
AZ,964,0.019215819164
CO,870,0.0173420774613
04,795,0.0158470707836
OR,769,0.015328801802
WI,758,0.0151095341559
MN,755,0.0150497338888
MO,739,0.0147307991309
MD,718,0.0143121972611
TN,686,0.0136743277453
IN,626,0.0124783224032
CT,511,0.0101859788307
SC,503,0.0100265114518
AL,488,0.00972751011621
LA,488,0.00972751011621
08,475,0.00946837562541
ON,463,0.00922917455698
KY,438,0.00873083899775
UT,428,0.00853150477405
NV,417,0.00831223712799
IA,359,0.00715609863057
OK,344,0.00685709729503
KS,341,0.00679729702793
DC,293,0.0058404927542
NE,254,0.0050630892818
QC,251,0.00500328901469
05,247,0.00492355532521
NH,244,0.00486375505811
NM,237,0.00472422110152
00,215,0.0042856858094
AR,214,0.00426575238703
AB,213,0.00424581896466
DE,192,0.0038272170949
ID,191,0.00380728367253
BC,188,0.00374748340543
MS,179,0.0035680826041
WV,171,0.00340861522515
ME,168,0.00334881495804
HI,159,0.00316941415672
RI,139,0.00277074570933
01,123,0.00245181095142
MT,120,0.00239201068431
ND,118,0.00235214383958
SD,107,0.00213287619351
WY,83,0.00165447405665
VT,74,0.00147507325533
AK,68,0.00135547272111
E7,67,0.00133553929874
40,66,0.00131560587637
27,65,0.001295672454
06,65,0.001295672454
D9,55,0.00109633823031
15,43,0.000857137161879
09,43,0.000857137161879
NS,40,0.000797336894771
30,40,0.000797336894771
03,36,0.000717603205294
14,36,0.000717603205294
SK,33,0.000657802938186
NB,32,0.000637869515817
MB,31,0.000617936093448
12,30,0.000598002671079
21,30,0.000598002671079
11,27,0.000538202403971
F2,25,0.000498335559232
19,24,0.000478402136863
G2,22,0.000438535292124
NL,19,0.000378735025016
E9,19,0.000378735025016
18,18,0.000358801602647
23,17,0.000338868180278
44,17,0.000338868180278
20,16,0.000318934757909
10,14,0.00027906791317
22,13,0.000259134490801
16,13,0.000259134490801
26,13,0.000259134490801
32,11,0.000219267646062
13,11,0.000219267646062
17,10,0.000199334223693
25,10,0.000199334223693
29,9,0.000179400801324
B7,8,0.000159467378954
34,7,0.000139533956585
37,6,0.000119600534216
24,6,0.000119600534216
33,5,9.96671118464e-05
AE,5,9.96671118464e-05
PE,5,9.96671118464e-05
38,4,7.97336894771e-05
53,4,7.97336894771e-05
AP,4,7.97336894771e-05
F9,4,7.97336894771e-05
L7,3,5.98002671079e-05
35,3,5.98002671079e-05
G1,3,5.98002671079e-05
B4,3,5.98002671079e-05
28,3,5.98002671079e-05
F8,3,5.98002671079e-05
31,3,5.98002671079e-05
46,2,3.98668447386e-05
H9,2,3.98668447386e-05
50,2,3.98668447386e-05
NT,2,3.98668447386e-05
C3,2,3.98668447386e-05
36,2,3.98668447386e-05
H5,2,3.98668447386e-05
60,2,3.98668447386e-05
C9,2,3.98668447386e-05
F1,2,3.98668447386e-05
F7,2,3.98668447386e-05
H7,1,1.99334223693e-05
NU,1,1.99334223693e-05
67,1,1.99334223693e-05
C6,1,1.99334223693e-05
71,1,1.99334223693e-05
76,1,1.99334223693e-05
K8,1,1.99334223693e-05
81,1,1.99334223693e-05
E3,1,1.99334223693e-05
F3,1,1.99334223693e-05
C8,1,1.99334223693e-05
ERROR,1,1.99334223693e-05
72,1,1.99334223693e-05
K1,1,1.99334223693e-05
E8,1,1.99334223693e-05
L4,1,1.99334223693e-05
F5,1,1.99334223693e-05
