25000,10617,0.216947974989
100000,7555,0.154379010176
35000,6350,0.129756017818
15000,5060,0.103396133884
45000,4366,0.0892149250072
55000,2725,0.0556827005599
65000,2462,0.0503085536802
75000,2387,0.0487760022886
85000,2172,0.0443826882995
300000,1419,0.0289958723283
500000,866,0.0176958600678
9500,576,0.0117699946872
8500,481,0.00982876292452
5500,411,0.00839838162573
6500,389,0.00794883321754
7500,334,0.00682496219707
5000000,260,0.00531284482406
700000,215,0.00439331398913
4500,142,0.00290163063468
3500,51,0.00104213494626
900000,38,0.000776492705055
2500,22,0.00044954840819
625,20,0.000408680371082
1625,13,0.000265642241203
1375,6,0.000122604111325
1875,1,2.04340185541e-05
None,0,0.0
