0,236406,0.253916596315
501,60973,0.0654892711146
803,33555,0.0360404194029
602,23800,0.0255628663921
504,23776,0.0255370887117
807,22887,0.0245822404671
511,21933,0.0235575776714
623,20453,0.021967954047
506,18653,0.0200346280173
618,15910,0.0170884539621
524,15482,0.0166287519951
819,12091,0.0129865805692
505,11526,0.0123797310099
539,11112,0.0119350660231
753,10863,0.011667622589
613,10858,0.0116622522389
534,10768,0.0115655859374
751,9668,0.0103841089193
510,9502,0.0102058132966
528,9363,0.0100565175643
560,8847,0.00950229743577
517,7185,0.00771719306838
616,7081,0.00760548978667
825,6916,0.00742826823395
535,6877,0.00738637950331
508,6789,0.00729186134186
862,6670,0.0071640470099
609,6580,0.00706738070841
770,6573,0.0070598622183
820,6541,0.00702549197777
533,6357,0.00682786309474
512,6332,0.00680101134433
617,5509,0.00591705172077
515,5228,0.00561523804614
635,5147,0.0055282383748
527,5119,0.00549816441434
839,5015,0.00538646113263
659,4869,0.00522964691022
641,4685,0.00503201802719
548,4593,0.00493320358568
544,4306,0.00462494549095
566,4243,0.00455727907991
567,3938,0.00422968772488
514,3878,0.00416524352389
556,3633,0.00390209636986
650,3609,0.00387631868946
518,3579,0.00384409658897
521,3529,0.00379039308814
563,3516,0.00377643017793
532,3509,0.00376891168782
630,3500,0.00375924505767
571,3484,0.0037420599374
529,3273,0.00351543116393
790,3220,0.00345850545305
561,3195,0.00343165370264
622,3170,0.00340480195223
542,3119,0.00335002438139
500,2797,0.00300417383608
671,2754,0.00295798882538
538,2727,0.00292898893493
577,2698,0.00289784090445
652,2658,0.00285487810379
640,2644,0.00283984112356
744,2643,0.00283876705355
555,2643,0.00283876705355
541,2473,0.00265617515075
679,2379,0.0025552125692
678,2318,0.00248969429819
686,2266,0.00243384265734
669,2264,0.0024316945173
557,2204,0.00236725031631
693,2183,0.00234469484597
789,2172,0.00233288007579
658,2111,0.00226736180478
547,2067,0.00222010272406
513,2059,0.00221151016392
564,2005,0.00215351038303
752,1952,0.00209658467216
546,1944,0.00208799211203
625,1932,0.00207510327183
866,1802,0.00193547416969
573,1789,0.00192151125948
619,1785,0.00191721497941
637,1784,0.00191614090939
881,1751,0.00188069659885
722,1711,0.00183773379819
648,1695,0.00182054867793
523,1692,0.00181732646788
588,1689,0.00181410425783
757,1574,0.00169058620593
574,1568,0.00168414178583
716,1560,0.0016755492257
675,1539,0.00165299375536
551,1521,0.00163366049506
575,1513,0.00162506793493
507,1500,0.00161110502471
543,1487,0.0015971421145
670,1466,0.00157458664415
691,1433,0.00153914233361
682,1420,0.0015251794234
604,1407,0.00151121651318
519,1397,0.00150047581302
811,1343,0.00144247603213
612,1342,0.00144140196211
725,1297,0.00139306881137
724,1277,0.00137158741104
632,1262,0.00135547636079
718,1257,0.00135010601071
801,1242,0.00133399496046
530,1233,0.00132432833032
810,1204,0.00129318029984
545,1201,0.00128995808979
702,1179,0.00126632854943
531,1173,0.00125988412933
636,1172,0.00125881005931
509,1138,0.00122229167875
570,1137,0.00122121760873
855,1109,0.00119114364827
649,1074,0.0011535511977
765,1073,0.00115247712768
520,1066,0.00114495863756
536,1042,0.00111918095717
503,996,0.00106977373641
709,970,0.00104184791598
605,966,0.00103755163592
550,944,0.00101392209555
804,933,0.00100210732537
698,905,0.000972033364911
634,902,0.000968811154862
610,892,0.000958070454697
828,891,0.00095699638468
687,880,0.000945181614499
642,872,0.000936589054367
540,860,0.00092370021417
522,859,0.000922626144153
800,857,0.00092047800412
705,832,0.000893626253708
743,822,0.000882885553543
592,819,0.000879663343494
516,818,0.000878589273478
502,806,0.00086570043328
633,783,0.000840996822901
600,752,0.00080770065239
611,732,0.000786219252061
624,730,0.000784071112028
584,715,0.000767960061781
692,705,0.000757219361616
868,704,0.000756145291599
526,689,0.000740034241352
576,679,0.000729293541187
651,651,0.000699219580726
525,648,0.000695997370677
676,640,0.000687404810545
627,613,0.0006584049201
813,585,0.000628330959639
628,569,0.000611145839375
762,567,0.000608997699342
764,550,0.000590738509062
656,549,0.000589664439045
746,532,0.000571405248765
758,516,0.000554220128502
662,509,0.000546701638386
603,506,0.000543479428337
581,494,0.000530590588139
582,493,0.000529516518123
554,483,0.000518775817958
673,476,0.000511257327843
598,474,0.00050910918781
569,463,0.000497294417628
559,462,0.000496220347612
565,458,0.000491924067546
657,449,0.000482257437398
606,440,0.00047259080725
736,436,0.000468294527184
549,435,0.000467220457167
537,433,0.000465072317134
759,429,0.000460776037068
756,428,0.000459701967052
773,427,0.000458627897035
553,406,0.000436072426689
644,360,0.000386665205931
737,351,0.000376998575783
771,347,0.000372702295717
717,340,0.000365183805602
754,330,0.000354443105437
734,315,0.00033833205519
821,308,0.000330813565075
643,297,0.000318998794893
710,295,0.00031685065486
767,274,0.000294295184514
639,261,0.0002803322743
597,258,0.000277110064251
661,232,0.000249184243822
558,226,0.000242739823724
755,220,0.000236295403625
760,218,0.000234147263592
749,213,0.000228776913509
631,205,0.000220184353378
802,186,0.000199777023065
647,183,0.000196554813015
638,168,0.000180443762768
745,149,0.000160036432455
711,143,0.000153592012356
766,142,0.00015251794234
596,137,0.000147147592257
626,126,0.000135332822076
552,106,0.000113851421746
740,100,0.000107407001648
747,75,8.05552512357e-05
583,43,4.61850107085e-05
798,6,6.44442009886e-06
None,0,0.0
