3,163145,0.175012041498
0,151779,0.162819287422
2,151644,0.162674467626
1,135969,0.145859280213
4,126789,0.136011534092
5,96527,0.103548299547
6,58086,0.0623111308495
7,21504,0.0230681843781
8,11120,0.0119288602253
9,5821,0.00624441505139
10,3892,0.00417510107885
11,2689,0.00288459578649
12,1434,0.00153830805423
13,639,0.000685480367263
14,232,0.000248875501103
15,199,0.00021347510655
16,136,0.00014589253513
18,94,0.000100837487516
17,71,7.61644852514e-05
20,59,6.32916145047e-05
19,44,4.72005260713e-05
21,40,4.29095691557e-05
24,35,3.75458730113e-05
22,34,3.64731337824e-05
23,26,2.78912199512e-05
25,18,1.93093061201e-05
40,15,1.60910884334e-05
26,15,1.60910884334e-05
32,14,1.50183492045e-05
29,13,1.39456099756e-05
27,12,1.28728707467e-05
28,11,1.18001315178e-05
48,10,1.07273922889e-05
30,7,7.50917460226e-06
34,6,6.43643537336e-06
35,5,5.36369614447e-06
31,4,4.29095691557e-06
37,4,4.29095691557e-06
36,4,4.29095691557e-06
38,4,4.29095691557e-06
33,3,3.21821768668e-06
47,3,3.21821768668e-06
41,2,2.14547845779e-06
49,2,2.14547845779e-06
42,2,2.14547845779e-06
50,2,2.14547845779e-06
60,2,2.14547845779e-06
39,1,1.07273922889e-06
52,1,1.07273922889e-06
54,1,1.07273922889e-06
56,1,1.07273922889e-06
57,1,1.07273922889e-06
61,1,1.07273922889e-06
68,1,1.07273922889e-06
78,1,1.07273922889e-06
79,1,1.07273922889e-06
81,1,1.07273922889e-06
93,1,1.07273922889e-06
111,1,1.07273922889e-06
124,1,1.07273922889e-06
155,1,1.07273922889e-06
169,1,1.07273922889e-06
393,1,1.07273922889e-06
51,1,1.07273922889e-06
55,1,1.07273922889e-06
58,1,1.07273922889e-06
63,1,1.07273922889e-06
64,1,1.07273922889e-06
66,1,1.07273922889e-06
74,1,1.07273922889e-06
76,1,1.07273922889e-06
87,1,1.07273922889e-06
96,1,1.07273922889e-06
112,1,1.07273922889e-06
