2,269399,0.437764564988
3,160463,0.260747127464
1,82772,0.134501793151
4,56378,0.0916124063003
5,27757,0.0451042172776
6,6239,0.0101381709693
7,3374,0.00548263966188
14,1386,0.00225220467438
8,1317,0.00214008193085
9,1104,0.00179396389648
11,921,0.00149659488103
10,903,0.00146734546967
12,654,0.00106272861259
41,428,0.000695486003344
16,237,0.000385117249515
29,222,0.000360742740052
33,204,0.000331493328697
13,193,0.000313618688424
15,192,0.000311993721126
17,166,0.000269744571391
39,138,0.00022424548706
26,117,0.000190121173811
40,73,0.00011862261272
19,69,0.00011212274353
24,61,9.91230051495e-05
21,51,8.28733321742e-05
36,50,8.12483648767e-05
20,47,7.63734629841e-05
1000,36,5.84988227112e-05
30,35,5.68738554137e-05
23,28,4.54990843309e-05
22,27,4.38741170334e-05
37,27,4.38741170334e-05
60,27,4.38741170334e-05
18,27,4.38741170334e-05
28,26,4.22491497359e-05
46,25,4.06241824383e-05
43,17,2.76244440581e-05
25,15,2.4374509463e-05
38,15,2.4374509463e-05
35,14,2.27495421655e-05
42,13,2.11245748679e-05
32,13,2.11245748679e-05
31,12,1.94996075704e-05
34,12,1.94996075704e-05
51,11,1.78746402729e-05
65,11,1.78746402729e-05
136,10,1.62496729753e-05
66,10,1.62496729753e-05
61,10,1.62496729753e-05
27,8,1.29997383803e-05
102,6,9.7498037852e-06
44,4,6.49986919013e-06
52,4,6.49986919013e-06
45,4,6.49986919013e-06
48,4,6.49986919013e-06
134,4,6.49986919013e-06
64,3,4.8749018926e-06
47,3,4.8749018926e-06
86,2,3.24993459507e-06
117,2,3.24993459507e-06
55,2,3.24993459507e-06
56,2,3.24993459507e-06
68,2,3.24993459507e-06
75,2,3.24993459507e-06
111,1,1.62496729753e-06
114,1,1.62496729753e-06
49,1,1.62496729753e-06
50,1,1.62496729753e-06
112,1,1.62496729753e-06
126,1,1.62496729753e-06
63,1,1.62496729753e-06
74,1,1.62496729753e-06
84,1,1.62496729753e-06
None,0,0.0
