CA,78658,0.0843795222663
TX,58454,0.0627058988857
NY,53546,0.0574408947503
FL,46982,0.0503994344519
ZZ,42709,0.0458156197268
PA,30346,0.03255334464
IL,29759,0.0319236467126
OH,27626,0.0296354939374
NJ,25890,0.0277732186361
NC,23014,0.0246880206138
GA,21190,0.0227313442603
VA,21010,0.0225382511991
MI,20545,0.0220394274576
MA,18690,0.020049496188
H9,18114,0.0194315983922
WA,15760,0.0169063702474
MD,13674,0.0146686362159
MO,13608,0.0145978354268
AZ,13426,0.0144025968871
CO,12754,0.0136817161253
WI,12601,0.0135175870233
MN,12513,0.0134231859711
IN,11506,0.0123429375676
TN,11254,0.012072607282
CT,8979,0.00963212553624
07,8787,0.00942615960429
OR,8313,0.00891768120979
SC,8123,0.0087138607563
LA,7868,0.00844031225293
AL,7748,0.00831158354547
KY,7697,0.00825687384479
OK,7287,0.00781705076095
02,7236,0.00776234106027
UT,6541,0.00701678729619
KS,6539,0.00701464181774
NV,6508,0.00698138690164
IA,6234,0.00668745635292
04,5240,0.0056211535594
ON,5215,0.00559433507868
DE,5123,0.00549564306962
AR,4471,0.00479621709238
NE,4351,0.00466748838492
DC,4291,0.00460312403118
MS,3561,0.00382002439409
NM,3542,0.00379964234874
WV,3275,0.00351322097463
ME,3227,0.00346172949164
05,3198,0.003430620054
NH,3128,0.00335552830798
QC,2911,0.00312274389531
08,2861,0.00306910693386
ID,2667,0.00286099552346
HI,2648,0.00284061347811
01,2599,0.00278804925589
RI,2477,0.00265717506997
00,2423,0.00259924715161
I2,2394,0.00256813771397
A7,2379,0.00255204662554
06,2024,0.00217122419928
V2,1974,0.00211758723784
09,1900,0.0020382045349
N7,1866,0.00200173140112
F8,1748,0.00187514817211
MT,1719,0.00184403873447
ND,1714,0.00183867503832
H3,1701,0.00182472942835
L9,1697,0.00182043847143
11,1682,0.001804347383
SD,1628,0.00174641946464
AB,1612,0.00172925563698
B7,1608,0.00172496468006
G5,1592,0.0017078008524
F2,1590,0.00170565537394
H2,1587,0.00170243715625
E4,1583,0.00169814619934
A8,1536,0.00164772745558
BC,1519,0.00162949088869
J8,1468,0.00157478118802
H8,1467,0.00157370844879
16,1461,0.00156727201341
27,1395,0.00149647122431
U8,1358,0.00145677987284
VT,1313,0.00140850660754
15,1287,0.00138061538759
03,1282,0.00137525169144
C3,1269,0.00136130608147
I9,1209,0.00129694172773
21,1198,0.00128514159621
H4,1193,0.00127977790007
26,1190,0.00127655968238
K2,1155,0.00123901380937
12,1141,0.00122399546017
18,1080,0.00115855836721
WY,1078,0.00115641288875
13,1074,0.00115212193183
14,1062,0.00113924906108
E6,1062,0.00113924906108
17,1054,0.00113066714725
AK,1048,0.00112423071188
null,1037,0.00111243058036
P6,1020,0.00109419401347
J1,1018,0.00109204853501
B4,994,0.00106630279352
B9,979,0.00105021170509
20,957,0.00102661144205
M3,923,0.000990138308269
I7,919,0.000985847351353
40,917,0.000983701872895
M4,905,0.000970829002149
10,901,0.000966538045233
N5,866,0.000928992172222
H7,830,0.000890373559982
R3,824,0.000883937124608
B6,805,0.000863555079259
N4,796,0.000853900426199
D4,787,0.000844245773139
X5,783,0.000839954816224
19,770,0.000826009206248
D9,764,0.000819572770875
C5,726,0.000778808680177
B8,718,0.000770226766346
I6,698,0.000748771981768
Q3,688,0.000738044589479
Q4,674,0.000723026240274
C8,664,0.000712298847985
K7,637,0.000683334888805
V1,635,0.000681189410347
25,634,0.000680116671119
N1,632,0.000677971192661
K4,614,0.000658661886541
T5,604,0.000647934494252
P3,592,0.000635061623505
28,576,0.000617897795843
C7,567,0.000608243142783
B2,545,0.000584642879747
P8,529,0.000567479052085
Z1,528,0.000566406312856
G6,523,0.000561042616711
I3,520,0.000557824399025
G1,504,0.000540660571362
29,502,0.000538515092905
23,501,0.000537442353676
Q5,500,0.000536369614447
34,490,0.000525642222158
D8,490,0.000525642222158
G8,489,0.000524569482929
E2,478,0.000512769351411
C6,475,0.000509551133724
K6,472,0.000506332916038
F9,463,0.000496678262978
30,462,0.000495605523749
MB,455,0.000488096349147
C9,454,0.000487023609918
K3,450,0.000482732653002
N2,448,0.000480587174544
J9,445,0.000477368956858
M1,437,0.000468787043026
D3,437,0.000468787043026
N6,431,0.000462350607653
B5,426,0.000456986911509
NS,423,0.000453768693822
A4,423,0.000453768693822
L3,420,0.000450550476135
P7,418,0.000448404997678
F4,413,0.000443041301533
D7,405,0.000434459387702
G7,404,0.000433386648473
A2,400,0.000429095691557
I1,393,0.000421586516955
A9,389,0.00041729556004
D2,367,0.000393695297004
K8,367,0.000393695297004
H5,360,0.000386186122402
D6,357,0.000382967904715
B1,352,0.000377604208571
K9,349,0.000374385990884
U3,341,0.000365804077053
J7,336,0.000360440380908
44,331,0.000355076684764
A1,327,0.000350785727848
B3,326,0.000349712988619
L7,326,0.000349712988619
P9,323,0.000346494770933
SK,320,0.000343276553246
NB,320,0.000343276553246
22,319,0.000342203814017
F6,316,0.00033898559633
O8,316,0.00033898559633
M9,314,0.000336840117873
A3,313,0.000335767378644
L1,307,0.00032933094327
51,302,0.000323967247126
56,298,0.00031967629021
E5,279,0.000299294244861
I4,278,0.000298221505632
N3,270,0.000289639591801
N8,269,0.000288566852572
K1,267,0.000286421374115
A5,266,0.000285348634886
O7,260,0.000278912199512
X4,256,0.000274621242597
Y9,256,0.000274621242597
L2,256,0.000274621242597
V8,247,0.000264966589537
D5,244,0.00026174837185
P2,243,0.000260675632621
J5,241,0.000258530154163
A6,237,0.000254239197248
78,228,0.000244584544188
Y6,223,0.000239220848043
J2,222,0.000238148108814
97,216,0.000231711673441
W9,214,0.000229566194983
Z4,209,0.000224202498839
N9,206,0.000220984281152
AE,205,0.000219911541923
O2,205,0.000219911541923
24,202,0.000216693324237
C1,200,0.000214547845779
Y4,198,0.000212402367321
W1,197,0.000211329628092
60,197,0.000211329628092
E7,195,0.000209184149634
L6,190,0.00020382045349
E3,184,0.000197384018116
K5,183,0.000196311278888
M5,181,0.00019416580043
32,181,0.00019416580043
M7,180,0.000193093061201
J3,179,0.000192020321972
M2,174,0.000186656625827
U9,174,0.000186656625827
J6,172,0.00018451114737
NL,166,0.000178074711996
35,157,0.000168420058936
Q1,156,0.000167347319707
W5,153,0.000164129102021
Z5,149,0.000159838145105
P4,148,0.000158765405876
X7,147,0.000157692666647
F7,144,0.000154474448961
48,142,0.000152328970503
E9,141,0.000151256231274
O3,138,0.000148038013587
42,134,0.000143747056672
Y5,134,0.000143747056672
Z7,131,0.000140528838985
W2,128,0.000137310621298
C2,127,0.000136237882069
31,126,0.000135165142841
U4,124,0.000133019664383
Y1,123,0.000131946925154
D1,122,0.000130874185925
G2,121,0.000129801446696
L5,120,0.000128728707467
O4,119,0.000127655968238
58,119,0.000127655968238
O1,118,0.000126583229009
X3,117,0.000125510489781
E1,117,0.000125510489781
53,113,0.000121219532865
86,106,0.000113710358263
V3,106,0.000113710358263
83,103,0.000110492140576
T6,101,0.000108346662118
Q2,97,0.000104055705203
V7,96,0.000102982965974
J4,95,0.000101910226745
55,92,9.86920090582e-05
W6,90,9.65465306004e-05
ERROR,89,9.54737913715e-05
38,89,9.54737913715e-05
52,88,9.44010521426e-05
Y7,88,9.44010521426e-05
S5,88,9.44010521426e-05
S6,88,9.44010521426e-05
59,85,9.1182834456e-05
Z8,83,8.90373559982e-05
73,82,8.79646167693e-05
O6,80,8.58191383115e-05
W4,80,8.58191383115e-05
81,77,8.26009206248e-05
L8,77,8.26009206248e-05
77,76,8.15281813959e-05
R8,76,8.15281813959e-05
Z3,75,8.0455442167e-05
99,75,8.0455442167e-05
X9,70,7.50917460226e-05
F5,69,7.40190067937e-05
Y8,68,7.29462675648e-05
W7,66,7.0800789107e-05
Y3,65,6.97280498781e-05
54,63,6.75825714203e-05
82,63,6.75825714203e-05
47,62,6.65098321914e-05
X8,61,6.54370929625e-05
S9,61,6.54370929625e-05
37,61,6.54370929625e-05
72,57,6.11461360469e-05
G9,56,6.0073396818e-05
U2,54,5.79279183603e-05
Z6,54,5.79279183603e-05
T8,54,5.79279183603e-05
V4,54,5.79279183603e-05
98,54,5.79279183603e-05
V6,53,5.68551791314e-05
T9,53,5.68551791314e-05
66,52,5.57824399025e-05
T2,51,5.47097006736e-05
74,50,5.36369614447e-05
X6,49,5.25642222158e-05
80,49,5.25642222158e-05
68,49,5.25642222158e-05
36,48,5.14914829869e-05
61,47,5.0418743758e-05
85,47,5.0418743758e-05
39,46,4.93460045291e-05
T7,45,4.82732653002e-05
75,43,4.61277868424e-05
33,42,4.50550476135e-05
Q7,42,4.50550476135e-05
V5,42,4.50550476135e-05
84,41,4.39823083846e-05
Q9,41,4.39823083846e-05
T1,40,4.29095691557e-05
Q6,40,4.29095691557e-05
X1,40,4.29095691557e-05
45,39,4.18368299268e-05
AP,39,4.18368299268e-05
Y2,38,4.0764090698e-05
65,37,3.96913514691e-05
PE,36,3.86186122402e-05
87,36,3.86186122402e-05
41,34,3.64731337824e-05
57,33,3.54003945535e-05
Z2,33,3.54003945535e-05
U1,33,3.54003945535e-05
50,33,3.54003945535e-05
R4,31,3.32549160957e-05
L4,31,3.32549160957e-05
71,31,3.32549160957e-05
P5,27,2.89639591801e-05
46,25,2.68184807223e-05
R6,25,2.68184807223e-05
O9,25,2.68184807223e-05
S1,25,2.68184807223e-05
X2,24,2.57457414934e-05
79,23,2.46730022646e-05
43,22,2.36002630357e-05
Q8,21,2.25275238068e-05
U6,20,2.14547845779e-05
91,20,2.14547845779e-05
76,19,2.0382045349e-05
S7,19,2.0382045349e-05
M6,19,2.0382045349e-05
88,17,1.82365668912e-05
67,16,1.71638276623e-05
F1,16,1.71638276623e-05
NT,15,1.60910884334e-05
R7,15,1.60910884334e-05
62,14,1.50183492045e-05
49,14,1.50183492045e-05
90,14,1.50183492045e-05
P1,13,1.39456099756e-05
R9,12,1.28728707467e-05
T3,12,1.28728707467e-05
R2,12,1.28728707467e-05
H1,11,1.18001315178e-05
G3,10,1.07273922889e-05
S3,10,1.07273922889e-05
63,9,9.65465306004e-06
F3,9,9.65465306004e-06
E8,9,9.65465306004e-06
YT,8,8.58191383115e-06
70,8,8.58191383115e-06
I8,7,7.50917460226e-06
T4,7,7.50917460226e-06
64,6,6.43643537336e-06
W3,6,6.43643537336e-06
89,6,6.43643537336e-06
R5,6,6.43643537336e-06
93,5,5.36369614447e-06
S2,5,5.36369614447e-06
U5,4,4.29095691557e-06
H6,3,3.21821768668e-06
NU,3,3.21821768668e-06
W8,3,3.21821768668e-06
M8,2,2.14547845779e-06
G4,2,2.14547845779e-06
S4,2,2.14547845779e-06
69,2,2.14547845779e-06
S8,1,1.07273922889e-06
AA,1,1.07273922889e-06
O5,1,1.07273922889e-06
