25000,256109,0.283439042826
35000,134307,0.148639241592
100000,130356,0.144266620332
15000,94087,0.104127263089
45000,59842,0.0662278920336
55000,48479,0.0536523174007
75000,40460,0.0447775895137
65000,35459,0.0392429200832
85000,30615,0.033882004522
300000,26701,0.0295503316264
9500,8657,0.00958081048986
8500,7145,0.00790746112396
7500,5643,0.00624517888348
6500,5578,0.00617324256815
500000,5340,0.00590984498277
5500,4189,0.0046360188451
5000000,3056,0.00338211353321
4500,2299,0.00254433213771
700000,2015,0.00223002577534
900000,1718,0.00190133214989
3500,931,0.00103034937808
875,374,0.000413910491303
2500,174,0.000192567982585
1875,25,2.76678135898e-05
1625,7,7.74698780513e-06
1125,6,6.64027526154e-06
625,4,4.42685017436e-06
450,1,1.10671254359e-06
None,0,0.0
