0,261939,0.263837575191
501,62643,0.0630970463455
803,34849,0.0351015910492
602,29020,0.0292303415377
807,27237,0.0274344180724
504,26158,0.0263475973102
511,25419,0.0256032409217
506,21174,0.0213274724921
623,18441,0.0185746632769
618,17101,0.0172249507456
524,16593,0.0167132686814
819,12346,0.0124354857555
505,11675,0.0117596222417
753,11351,0.0114332738385
613,11268,0.0113496722414
539,11115,0.0111955632733
751,10408,0.0104834388258
510,10140,0.0102134963195
534,10104,0.0101772353858
528,9341,0.00940870504148
560,8799,0.00886277653998
517,7763,0.00781926744856
616,7374,0.0074274479152
609,7130,0.00718167936471
508,7051,0.00710210676025
535,7041,0.00709203427867
770,6981,0.0070315993892
617,6871,0.00692080209185
512,6865,0.00691475860291
825,6599,0.00664683059295
862,6485,0.00653200430296
820,6363,0.00640912002772
533,6341,0.00638696056825
635,5966,0.0060092425091
515,5860,0.00590247420437
527,5726,0.00576750295124
659,4965,0.00500098710319
839,4872,0.00490731302452
641,4781,0.00481565344217
514,4377,0.00440872518644
566,4254,0.00428483366304
548,4233,0.00426368145173
567,4161,0.00419115958437
544,3908,0.00393632580046
532,3801,0.00382855024758
518,3753,0.00378020233601
563,3741,0.00376811535812
521,3657,0.00368350651287
622,3631,0.00365731806077
556,3580,0.00360594840472
650,3421,0.00344579594764
529,3364,0.00338838280265
630,3349,0.00337327408028
542,3199,0.00322218685662
561,3181,0.00320405638978
571,3079,0.00310131707769
538,3023,0.00304491118086
640,2975,0.00299656326929
790,2929,0.00295022985403
500,2895,0.00291598341667
555,2820,0.00284043980484
577,2803,0.00282331658615
671,2763,0.00278302665984
679,2730,0.00274978747064
652,2670,0.00268935258117
541,2617,0.00263596842881
669,2585,0.00260373648777
744,2512,0.00253020737225
693,2439,0.00245667825674
686,2435,0.0024526492641
557,2338,0.0023549461928
678,2314,0.00233077223702
658,2304,0.00232069975544
789,2283,0.00229954754413
547,2110,0.00212529361284
564,2071,0.00208601093469
513,2025,0.00203967751943
625,2000,0.00201449631549
546,1999,0.00201348906733
637,1994,0.00200845282654
866,1895,0.00190873525892
752,1872,0.0018855685513
523,1870,0.00188355405498
881,1823,0.00183621339157
716,1820,0.00183319164709
573,1810,0.00182311916552
648,1787,0.00179995245789
588,1721,0.00173347407948
619,1696,0.00170829287553
757,1691,0.00170325663474
722,1678,0.00169016240869
575,1671,0.00168311167159
691,1586,0.00159749557818
507,1582,0.00159346658555
675,1582,0.00159346658555
543,1519,0.00153000995161
612,1471,0.00148166204004
682,1465,0.00147561855109
519,1442,0.00145245184347
551,1423,0.00143331412847
718,1414,0.00142424889505
604,1409,0.00141921265426
530,1371,0.00138093722427
724,1368,0.00137791547979
811,1364,0.00137388648716
574,1357,0.00136683575006
670,1336,0.00134568353874
702,1331,0.00134064729796
545,1315,0.00132453132743
725,1297,0.00130640086059
570,1286,0.00129532113086
632,1263,0.00127215442323
509,1208,0.00121675577455
636,1198,0.00120668329298
649,1174,0.00118250933719
531,1161,0.00116941511114
642,1138,0.00114624840351
855,1138,0.00114624840351
810,1136,0.0011442339072
801,1117,0.0011250961922
520,1109,0.00111703820694
765,1088,0.00109588599562
503,1069,0.00107674828063
522,1063,0.00107070479168
709,1052,0.00105962506195
536,1043,0.00105055982853
550,1037,0.00104451633958
698,1016,0.00102336412827
605,1010,0.00101732063932
828,1007,0.00101429889485
592,984,0.000991132187219
800,966,0.00097300172038
705,921,0.000927675553281
687,915,0.000921632064335
502,913,0.000919617568019
610,897,0.000903501597496
804,865,0.000871269656448
743,854,0.000860189926713
611,849,0.000855153685924
540,843,0.000849110196977
516,834,0.000840044963558
868,800,0.000805798526194
600,791,0.000796733292775
624,742,0.000747378133045
634,740,0.00074536363673
651,726,0.000731262162522
676,717,0.000722196929102
526,697,0.000702051965947
576,691,0.000696008477
692,685,0.000689964988054
633,675,0.000679892506477
584,660,0.00066478378411
525,653,0.000657733047006
628,650,0.000654711302533
813,630,0.000634566339378
656,608,0.000612406879908
764,596,0.000600319902015
762,580,0.000584203931491
746,562,0.000566073464652
582,562,0.000566073464652
581,552,0.000556000983074
758,551,0.000554993734916
627,529,0.000532834275446
603,520,0.000523769042026
537,519,0.000522761793869
759,517,0.000520747297553
549,499,0.000502616830714
598,493,0.000496573341767
756,479,0.000482471867559
565,468,0.000471392137824
673,466,0.000469377641508
736,465,0.000468370393351
554,464,0.000467363145193
569,459,0.000462326904404
643,457,0.000460312408089
657,450,0.000453261670984
773,449,0.000452254422827
606,440,0.000443189189407
662,431,0.000434123955987
553,424,0.000427073218883
644,415,0.000418007985463
559,389,0.000391819533362
717,362,0.000364623833103
737,345,0.000347500614421
771,341,0.00034347162179
754,320,0.000322319410478
734,302,0.000304188943638
597,297,0.00029915270285
767,274,0.000275985995222
821,266,0.00026792800996
639,255,0.000256848280224
755,252,0.000253826535751
661,246,0.000247783046805
710,237,0.000238717813385
749,223,0.000224616339177
802,216,0.000217565602073
760,214,0.000215551105757
558,208,0.000209507616811
711,202,0.000203464127864
647,183,0.000184326412867
638,170,0.000171232186816
596,158,0.000159145208923
626,155,0.00015612346445
745,146,0.00014705823103
631,144,0.000145043734715
766,141,0.000142021990242
552,112,0.000112811793667
740,94,9.46813268279e-05
747,89,8.96450860391e-05
583,42,4.23044226252e-05
798,11,1.10797297352e-05
None,0,0.0
