1,172951,0.173983067557
0,171453,0.172476128394
2,164061,0.165040017383
3,161382,0.162345030722
4,129596,0.13036935099
5,94934,0.0955005090195
6,58572,0.0589215224713
7,20005,0.0201243778092
8,9564,0.00962107220029
9,6170,0.00620681884941
10,2322,0.00233585629957
11,2080,0.00209241218911
12,578,0.000581449156396
13,277,0.000278652969415
14,32,3.21909567555e-05
16,17,1.71014457763e-05
15,16,1.60954783777e-05
18,14,1.40835435805e-05
17,13,1.30775761819e-05
22,4,4.02386959443e-06
19,4,4.02386959443e-06
24,3,3.01790219583e-06
20,3,3.01790219583e-06
23,3,3.01790219583e-06
32,2,2.01193479722e-06
28,2,2.01193479722e-06
21,2,2.01193479722e-06
25,2,2.01193479722e-06
33,1,1.00596739861e-06
52,1,1.00596739861e-06
29,1,1.00596739861e-06
34,1,1.00596739861e-06
120,1,1.00596739861e-06
26,1,1.00596739861e-06
