2,305202,0.443365897948
3,182701,0.265409115671
1,89404,0.129876883966
4,61166,0.0888556382786
5,28933,0.0420308698021
6,6961,0.0101122208099
7,3621,0.00526021427274
9,1679,0.00243907753768
8,1649,0.00239549664064
11,1067,0.00155002723806
10,1049,0.00152387869984
14,1041,0.00151225712729
12,809,0.00117523152352
41,343,0.000498274922825
33,299,0.000434356273833
16,298,0.000432903577265
13,296,0.000429998184129
15,231,0.000335572907209
29,200,0.000290539313601
17,160,0.000232431450881
40,158,0.000229526057745
26,134,0.000194661340113
21,102,0.000148175049936
39,72,0.000104594152896
24,63,9.15198837843e-05
30,58,8.42564009443e-05
36,53,7.69929181042e-05
23,51,7.40875249682e-05
19,48,6.97294352642e-05
46,48,6.97294352642e-05
18,44,6.39186489922e-05
22,40,5.81078627202e-05
25,35,5.08443798802e-05
20,33,4.79389867441e-05
28,33,4.79389867441e-05
1000,32,4.64862901761e-05
60,30,4.35808970401e-05
51,22,3.19593244961e-05
38,18,2.61485382241e-05
32,15,2.17904485201e-05
65,15,2.17904485201e-05
31,14,2.03377519521e-05
34,14,2.03377519521e-05
37,12,1.74323588161e-05
136,10,1.452696568e-05
42,10,1.452696568e-05
134,9,1.3074269112e-05
66,9,1.3074269112e-05
57,8,1.1621572544e-05
61,7,1.0168875976e-05
27,7,1.0168875976e-05
35,7,1.0168875976e-05
52,6,8.71617940803e-06
102,6,8.71617940803e-06
44,6,8.71617940803e-06
117,5,7.26348284002e-06
43,4,5.81078627202e-06
47,4,5.81078627202e-06
64,4,5.81078627202e-06
45,3,4.35808970401e-06
74,3,4.35808970401e-06
108,2,2.90539313601e-06
49,2,2.90539313601e-06
86,2,2.90539313601e-06
112,2,2.90539313601e-06
106,1,1.452696568e-06
48,1,1.452696568e-06
50,1,1.452696568e-06
126,1,1.452696568e-06
55,1,1.452696568e-06
84,1,1.452696568e-06
None,0,0.0
