CA,83642,0.0841411251544
TX,58700,0.0590502862983
NY,56007,0.0563412160939
ZZ,49170,0.0494634169896
FL,45741,0.0460139547798
IL,35020,0.0352289782993
PA,30996,0.0311809654873
OH,29188,0.0293621764306
NJ,26418,0.0265756467364
NC,23874,0.0240164656744
GA,22660,0.0227952212525
VA,22591,0.022725809502
H9,21343,0.0214703621885
MI,20949,0.0210740110335
MA,20871,0.0209955455764
WA,15741,0.0158349328215
MD,14899,0.0149879082719
WI,14661,0.014748488031
MO,14201,0.0142857430276
AZ,14044,0.0141278061461
CO,13572,0.0136529895339
MN,13096,0.0131741490522
IN,12527,0.0126017536024
TN,11610,0.0116792814978
LA,9235,0.00929010892615
CT,9116,0.00917039880572
07,9022,0.00907583787025
SC,8685,0.00873682685692
KY,8174,0.00822277751623
AL,8137,0.00818555672248
OR,8080,0.00812821658076
02,7931,0.00797832743836
OK,7040,0.0070820104862
UT,6950,0.00699147342033
DE,6851,0.00689188264787
IA,6819,0.00685969169111
KS,6603,0.00664240273301
NV,6313,0.00635067218742
ON,6273,0.00631043349147
04,5656,0.00568975160653
DC,4959,0.0049885923297
AR,4641,0.00466869469694
NE,4351,0.00437696415135
MS,3807,0.0038297178865
NH,3729,0.00375125242941
ME,3379,0.0033991638399
05,3317,0.00333679386118
WV,3258,0.00327744178467
NM,3245,0.00326436420848
QC,3024,0.00304204541339
ID,2871,0.00288813240141
00,2692,0.00270806423705
08,2676,0.00269196875868
01,2572,0.00258734814922
RI,2562,0.00257728847524
I2,2544,0.00255918106206
A7,2533,0.00254811542068
HI,2520,0.00253503784449
09,2137,0.00214975233083
V2,2100,0.00211253153708
N7,2074,0.00208637638471
F8,2011,0.0020230004386
A8,1985,0.00199684528624
H3,1955,0.00196666626428
L9,1894,0.00190530225296
06,1882,0.00189323064418
G5,1871,0.0018821650028
ND,1854,0.00186506355702
B7,1837,0.00184796211124
F2,1810,0.00182080099148
MT,1805,0.00181577115449
H2,1794,0.0018047055131
E4,1788,0.00179866970871
27,1780,0.00179062196952
J8,1731,0.00174132956699
AB,1713,0.00172322215382
SD,1672,0.00168197749047
H8,1668,0.00167795362088
11,1637,0.00164676863152
BC,1600,0.00160954783777
26,1562,0.00157132107663
16,1497,0.00150593319572
15,1474,0.00148279594555
VT,1432,0.00144054531481
I9,1409,0.00141740806464
21,1405,0.00141338419505
H4,1347,0.00135503808593
U8,1344,0.00135202018373
17,1340,0.00134799631414
C3,1336,0.00134397244454
K2,1317,0.00132485906397
18,1299,0.00130675165079
03,1280,0.00128763827022
E6,1226,0.00123331603069
WY,1183,0.00119005943255
B4,1180,0.00118704153036
J1,1166,0.00117295798678
B9,1158,0.00116491024759
P6,1142,0.00114881476921
null,1095,0.00110153430148
AK,1091,0.00109751043188
14,1085,0.00109147462749
40,1062,0.00106833737732
20,1037,0.00104318819236
M3,1036,0.00104218222496
12,1024,0.00103011061618
I7,1017,0.00102306884438
13,1002,0.00100797933341
10,987,0.000992889822427
M4,976,0.000981824181042
H7,967,0.000972770474454
R3,919,0.000924484039321
N5,912,0.000917442267531
19,894,0.000899334854356
D4,875,0.000880221473782
B6,869,0.000874185669391
C5,853,0.000858090191013
N4,852,0.000857084223614
I6,836,0.000840988745237
Q3,785,0.000789684407908
B8,769,0.00077358892953
Q4,766,0.000770571027334
X5,763,0.000767553125138
K7,762,0.00076654715774
C8,749,0.000753469581558
D9,741,0.000745421842369
28,740,0.00074441587497
N1,725,0.000729326363991
P3,711,0.000715242820411
K4,682,0.000686069765851
29,680,0.000684057831054
C7,661,0.00066494445048
P8,652,0.000655890743893
23,652,0.000655890743893
G6,639,0.000642813167711
25,635,0.000638789298116
Z1,633,0.000636777363319
V1,618,0.00062168785234
T5,606,0.000609616243557
B2,605,0.000608610276158
C6,604,0.00060760430876
Q5,589,0.00059251479778
J9,575,0.0005784312542
I3,568,0.00057138948241
34,559,0.000562335775822
30,552,0.000555294004032
D8,526,0.000529138851668
C9,515,0.000518073210283
G1,508,0.000511031438493
E2,507,0.000510025471095
A4,507,0.000510025471095
A9,504,0.000507007568899
D3,504,0.000507007568899
G7,502,0.000504995634101
F9,502,0.000504995634101
N6,495,0.000497953862311
M1,483,0.000485882253528
G8,483,0.000485882253528
H5,478,0.000480852416535
NS,477,0.000479846449136
K6,468,0.000470792742549
A2,463,0.000465762905556
K3,459,0.000461739035961
56,457,0.000459727101164
P7,449,0.000451679361975
MB,446,0.000448661459779
L3,434,0.000436589850996
51,428,0.000430554046604
N2,419,0.000421500340017
J7,417,0.00041948840522
D7,413,0.000415464535625
B1,413,0.000415464535625
F4,409,0.000411440666031
D6,403,0.000405404861639
B5,402,0.000404398894241
L1,400,0.000402386959443
44,398,0.000400375024646
I1,395,0.00039735712245
D2,394,0.000396351155052
K8,393,0.000395345187653
A3,376,0.000378243741877
A1,375,0.000377237774478
M9,371,0.000373213904884
P9,366,0.000368184067891
B3,362,0.000364160198296
NB,362,0.000364160198296
O8,354,0.000356112459107
K1,344,0.000346052785121
L7,342,0.000344040850324
U3,329,0.000330963274142
SK,325,0.000326939404548
K9,325,0.000326939404548
22,324,0.000325933437149
E5,320,0.000321909567555
F6,315,0.000316879730562
X4,314,0.000315873763163
Y9,314,0.000315873763163
O7,310,0.000311849893569
A5,306,0.000307826023974
N8,306,0.000307826023974
D5,303,0.000304808121778
P2,300,0.000301790219583
N3,284,0.000285694741205
I4,275,0.000276641034617
A6,272,0.000273623132422
V8,259,0.00026054555624
J5,258,0.000259539588841
L2,258,0.000259539588841
Y6,249,0.000250485882254
24,248,0.000249479914855
C1,246,0.000247467980058
E7,237,0.00023841427347
Z4,233,0.000234390403876
J2,232,0.000233384436477
97,228,0.000229360566883
O2,222,0.000223324762491
60,220,0.000221312827694
Y4,217,0.000218294925498
M7,212,0.000213265088505
J3,211,0.000212259121106
32,209,0.000210247186309
K5,209,0.000210247186309
42,207,0.000208235251512
U9,207,0.000208235251512
W9,206,0.000207229284113
NL,204,0.000205217349316
L6,202,0.000203205414519
C2,200,0.000201193479722
J6,197,0.000198175577526
N9,194,0.00019515767533
31,188,0.000189121870938
Q1,186,0.000187109936141
E3,183,0.000184092033945
W1,181,0.000182080099148
M2,177,0.000178056229554
Z7,175,0.000176044294756
AE,173,0.000174032359959
W5,173,0.000174032359959
X7,171,0.000172020425162
P4,171,0.000172020425162
M5,167,0.000167996555568
Z5,164,0.000164978653372
Y1,161,0.000161960751176
Y5,158,0.00015894284898
F7,157,0.000157936881582
G2,155,0.000155924946784
35,153,0.000153913011987
O3,143,0.000143853338001
W2,141,0.000141841403204
53,136,0.000136811566211
O1,136,0.000136811566211
55,135,0.000135805598812
E9,135,0.000135805598812
L5,135,0.000135805598812
X3,134,0.000134799631414
U4,133,0.000133793664015
58,132,0.000132787696616
D1,126,0.000126751892225
O4,124,0.000124739957427
48,120,0.000120716087833
59,120,0.000120716087833
S5,120,0.000120716087833
78,117,0.000117698185637
99,116,0.000116692218239
ERROR,113,0.000113674316043
O6,108,0.00010864447905
E1,108,0.00010864447905
Y7,108,0.00010864447905
W6,103,0.000103614642057
W4,102,0.000102608674658
V7,101,0.000101602707259
S6,100,0.000100596739861
V3,100,0.000100596739861
52,98,9.85848050636e-05
F5,98,9.85848050636e-05
J4,98,9.85848050636e-05
38,95,9.55669028678e-05
66,95,9.55669028678e-05
Z8,93,9.35549680706e-05
98,91,9.15430332734e-05
Z3,89,8.95310984762e-05
81,87,8.75191636789e-05
Q2,86,8.65131962803e-05
L8,86,8.65131962803e-05
Y8,86,8.65131962803e-05
54,85,8.55072288817e-05
R8,84,8.45012614831e-05
X9,84,8.45012614831e-05
G9,76,7.64535222942e-05
37,76,7.64535222942e-05
83,74,7.4441587497e-05
Y3,73,7.34356200984e-05
W7,73,7.34356200984e-05
Z6,71,7.14236853012e-05
Z2,69,6.9411750504e-05
X6,69,6.9411750504e-05
S9,69,6.9411750504e-05
T6,69,6.9411750504e-05
39,66,6.63938483082e-05
68,65,6.53878809096e-05
PE,65,6.53878809096e-05
T2,63,6.33759461123e-05
61,61,6.13640113151e-05
36,60,6.03580439165e-05
33,59,5.93520765179e-05
73,57,5.73401417207e-05
57,55,5.53282069235e-05
50,54,5.43222395249e-05
T9,53,5.33162721263e-05
V4,52,5.23103047276e-05
X1,52,5.23103047276e-05
T1,51,5.1304337329e-05
47,50,5.02983699304e-05
77,50,5.02983699304e-05
X8,50,5.02983699304e-05
86,50,5.02983699304e-05
T8,47,4.72804677346e-05
T7,47,4.72804677346e-05
U2,45,4.52685329374e-05
V5,44,4.42625655388e-05
82,44,4.42625655388e-05
V6,43,4.32565981402e-05
41,42,4.22506307416e-05
45,40,4.02386959443e-05
84,39,3.92327285457e-05
L4,38,3.82267611471e-05
R6,37,3.72207937485e-05
Q6,36,3.62148263499e-05
Q7,36,3.62148263499e-05
X2,35,3.52088589513e-05
Y2,35,3.52088589513e-05
M6,35,3.52088589513e-05
46,33,3.31969241541e-05
AP,31,3.11849893569e-05
62,31,3.11849893569e-05
U1,31,3.11849893569e-05
O9,31,3.11849893569e-05
P5,30,3.01790219583e-05
87,30,3.01790219583e-05
72,29,2.91730545596e-05
74,28,2.8167087161e-05
71,27,2.71611197624e-05
Q9,27,2.71611197624e-05
65,26,2.61551523638e-05
Q8,26,2.61551523638e-05
43,25,2.51491849652e-05
S1,25,2.51491849652e-05
49,24,2.41432175666e-05
R2,24,2.41432175666e-05
U6,22,2.21312827694e-05
S7,22,2.21312827694e-05
85,22,2.21312827694e-05
R7,22,2.21312827694e-05
P1,21,2.11253153708e-05
75,21,2.11253153708e-05
80,21,2.11253153708e-05
R4,20,2.01193479722e-05
F1,20,2.01193479722e-05
76,18,1.8107413175e-05
W8,14,1.40835435805e-05
R9,14,1.40835435805e-05
67,12,1.20716087833e-05
79,12,1.20716087833e-05
NT,11,1.10656413847e-05
63,11,1.10656413847e-05
70,11,1.10656413847e-05
90,11,1.10656413847e-05
91,10,1.00596739861e-05
E8,10,1.00596739861e-05
G3,9,9.05370658748e-06
T3,8,8.04773918887e-06
88,8,8.04773918887e-06
YT,8,8.04773918887e-06
89,8,8.04773918887e-06
H6,7,7.04177179026e-06
H1,7,7.04177179026e-06
64,7,7.04177179026e-06
I8,6,6.03580439165e-06
S2,6,6.03580439165e-06
F3,5,5.02983699304e-06
NU,4,4.02386959443e-06
W3,4,4.02386959443e-06
M8,3,3.01790219583e-06
T4,3,3.01790219583e-06
AA,3,3.01790219583e-06
69,3,3.01790219583e-06
93,3,3.01790219583e-06
S3,3,3.01790219583e-06
S4,3,3.01790219583e-06
U5,2,2.01193479722e-06
O5,1,1.00596739861e-06
C4,1,1.00596739861e-06
R1,1,1.00596739861e-06
R5,1,1.00596739861e-06
G4,1,1.00596739861e-06
