25000,260754,0.27056523661
100000,131352,0.136294304054
35000,119970,0.124484040268
15000,111863,0.116072002972
45000,80152,0.0831678319211
55000,61138,0.0634384033835
65000,41590,0.0431548823435
75000,41465,0.0430251790424
85000,33877,0.0351516698522
300000,24083,0.024989156804
9500,11925,0.0123736949254
8500,10234,0.010619068668
6500,7871,0.00816715746396
7500,6493,0.00673730827258
5500,6291,0.006527707738
500000,4307,0.00446905694286
5000000,3251,0.00337332345513
4500,2516,0.00261066804463
700000,1802,0.00186980278872
3500,1221,0.00126694184519
900000,1035,0.00107394333315
875,308,0.000319588933922
2500,157,0.000162907346187
1125,32,3.32040450828e-05
450,26,2.69782866298e-05
1625,15,1.55643961326e-05
625,4,4.15050563535e-06
1875,4,4.15050563535e-06
1375,2,2.07525281767e-06
None,0,0.0
