0,224821,0.253924850686
501,59686,0.0674125577151
803,29819,0.0336791719751
504,26137,0.0295205244278
511,24026,0.0271362482268
602,23663,0.0267262566299
807,21242,0.023991849864
506,18853,0.0212935856081
623,17241,0.019472906671
524,16282,0.0183897608269
618,14540,0.0164222529434
819,10538,0.0119021802969
539,10488,0.0118457076252
505,10391,0.011736150642
613,10267,0.0115960984161
534,9772,0.0110370189658
753,9420,0.0106394513567
751,9375,0.0105886259521
510,9161,0.0103469229171
560,8617,0.00973250024848
528,8317,0.00939366421801
517,7360,0.00831277728082
512,7132,0.00805526189766
609,6787,0.00766560046262
535,6580,0.0074318036016
508,6483,0.00732224661842
533,6261,0.00707150795587
616,6126,0.00691903174216
862,5780,0.00652824085369
770,5765,0.00651129905216
820,5601,0.00632606868884
825,5496,0.00620747607818
617,5349,0.00604144642325
515,5278,0.00596125522937
659,4949,0.00558966504929
527,4873,0.00550382658824
635,4697,0.0053050427837
544,4401,0.00497072456697
641,4299,0.00485552031661
839,4187,0.0047290215319
566,4098,0.00462850017619
567,4020,0.00454040280827
548,3787,0.00427724015794
518,3620,0.00408862143432
514,3615,0.00408297416714
556,3600,0.00406603236562
532,3511,0.00396551100991
521,3431,0.00387515473512
529,3205,0.00361989825883
563,3198,0.00361199208479
630,3055,0.0034504802436
561,3012,0.0034019137459
542,2942,0.00332285200546
650,2930,0.00330929856424
640,2826,0.00319183540701
571,2777,0.0031364921887
577,2683,0.00303032356582
538,2646,0.00298853378873
790,2635,0.00297610980095
555,2528,0.00285525828341
500,2508,0.00283266921471
679,2486,0.00280782123915
622,2479,0.0027999150651
652,2447,0.00276377255519
541,2265,0.00255821203003
671,2230,0.00251868115981
669,2225,0.00251303389264
557,2132,0.00240799472319
686,2122,0.00239670018884
789,2075,0.0023436158774
658,2057,0.00232328571558
744,2054,0.00231989735527
693,2010,0.00227020140414
547,2010,0.00227020140414
546,2008,0.00226794249727
678,1987,0.00224422397513
564,1965,0.00221937599957
573,1880,0.0021233724576
619,1806,0.00203979290342
637,1769,0.00199800312633
513,1762,0.00199009695228
625,1756,0.00198332023167
752,1706,0.00192684755993
523,1668,0.0018839283294
648,1626,0.00183649128514
722,1617,0.00182632620422
675,1580,0.00178453642713
575,1567,0.00176985353248
866,1567,0.00176985353248
881,1564,0.00176646517217
574,1559,0.001760817905
588,1549,0.00174952337065
543,1490,0.00168288561799
551,1484,0.00167610889738
507,1473,0.0016636849096
691,1443,0.00162980130655
519,1407,0.0015891409829
716,1383,0.00156203410046
545,1382,0.00156090464702
757,1376,0.00155412792641
682,1358,0.00153379776459
632,1353,0.00152815049741
810,1291,0.00145812438445
530,1284,0.0014502182104
725,1237,0.00139713389896
702,1232,0.00139148663179
604,1224,0.00138245100431
612,1213,0.00137002701653
670,1194,0.00134856740126
570,1191,0.00134517904096
811,1160,0.00131016598448
531,1152,0.001301130357
649,1150,0.00129887145013
724,1141,0.00128870636921
718,1128,0.00127402347456
636,1091,0.00123223369747
855,1085,0.00122545697686
801,1047,0.00118253774633
509,1035,0.00116898430512
550,1009,0.00113961851581
765,987,0.00111477054024
503,977,0.00110347600589
605,967,0.00109218147154
536,965,0.00108992256467
520,940,0.0010616862288
709,932,0.00105265060132
522,914,0.00103232043949
828,911,0.00102893207919
610,853,0.000963423779964
592,817,0.000922763456308
687,810,0.000914857282264
698,803,0.00090695110822
705,800,0.000903562747915
804,783,0.000884362039522
642,772,0.000871938051738
516,768,0.000867420237998
584,764,0.000862902424259
502,753,0.000850478436475
800,742,0.000838054448691
540,724,0.000817724286863
611,707,0.00079852357847
743,703,0.00079400576473
600,702,0.000792876311295
576,685,0.000773675602902
526,665,0.000751086534204
634,660,0.00074543926703
633,654,0.000738662546421
868,639,0.000721720744897
676,630,0.000711555663983
624,616,0.000695743315895
525,613,0.00069235495559
651,612,0.000691225502155
692,592,0.000668636433457
656,579,0.000653953538804
813,562,0.00063475283041
627,548,0.000618940482322
628,500,0.000564726717447
581,498,0.000562467810577
758,482,0.000544396555619
764,481,0.000543267102184
565,479,0.000541008195314
673,471,0.000531972567835
762,468,0.00052858420753
662,467,0.000527454754095
569,465,0.000525195847226
603,460,0.000519548580051
598,458,0.000517289673181
736,457,0.000516160219746
582,455,0.000513901312877
537,444,0.000501477325093
746,432,0.000487923883874
606,416,0.000469852628916
773,415,0.000468723175481
756,412,0.000465334815176
559,394,0.000445004653348
554,393,0.000443875199913
657,392,0.000442745746478
549,390,0.000440486839609
644,356,0.000402085422822
759,355,0.000400955969387
553,350,0.000395308702213
710,339,0.000382884714429
754,336,0.000379496354124
717,324,0.000365942912906
643,317,0.000358036738861
737,316,0.000356907285426
734,308,0.000347871657947
771,303,0.000342224390773
597,300,0.000338836030468
821,278,0.0003139880549
639,266,0.000300434613682
767,258,0.000291398986203
661,232,0.000262033196895
558,211,0.000238314674763
647,207,0.000233796861023
631,202,0.000228149593849
755,196,0.000221372873239
760,193,0.000217984512935
802,183,0.000206689978586
749,182,0.000205560525151
638,153,0.000172806375539
596,149,0.000168288561799
711,145,0.00016377074806
745,143,0.00016151184119
626,116,0.000131016598448
766,115,0.000129887145013
552,100,0.000112945343489
747,99,0.000111815890054
740,92,0.00010390971601
583,42,4.74370442655e-05
798,12,1.35534412187e-05
None,0,0.0
