3,153178,0.172987098639
2,138016,0.155864336953
1,130662,0.147559311927
4,130496,0.147371844678
0,127802,0.144329454493
5,95525,0.107878367635
6,61034,0.0689269645664
7,22855,0.0258106264568
8,11625,0.0131283540827
9,5453,0.00615818622048
10,4082,0.0046098874293
11,2630,0.00297011365484
12,1205,0.00136083154148
13,615,0.000694532280505
14,72,8.13110962543e-05
15,45,5.08194351589e-05
16,44,4.96901143776e-05
17,25,2.82330195327e-05
18,25,2.82330195327e-05
19,22,2.48450571888e-05
20,13,1.4681170157e-05
24,9,1.01638870318e-05
22,6,6.77592468786e-06
21,5,5.64660390655e-06
23,5,5.64660390655e-06
25,5,5.64660390655e-06
29,4,4.51728312524e-06
26,4,4.51728312524e-06
30,3,3.38796234393e-06
38,2,2.25864156262e-06
32,2,2.25864156262e-06
36,2,2.25864156262e-06
39,2,2.25864156262e-06
46,2,2.25864156262e-06
27,2,2.25864156262e-06
59,1,1.12932078131e-06
65,1,1.12932078131e-06
34,1,1.12932078131e-06
40,1,1.12932078131e-06
45,1,1.12932078131e-06
52,1,1.12932078131e-06
58,1,1.12932078131e-06
80,1,1.12932078131e-06
115,1,1.12932078131e-06
192,1,1.12932078131e-06
28,1,1.12932078131e-06
