2,263985,0.439698722636
3,154581,0.257473220993
1,73899,0.12308765992
4,62027,0.103313418069
5,26168,0.0435859468301
6,7009,0.0116743312952
7,3363,0.00560148040315
9,1892,0.00315135323305
11,1407,0.00234352748356
8,1136,0.00189214443591
12,1024,0.00170559498448
10,642,0.00106932810551
15,634,0.00105600314469
26,418,0.000696229202651
14,391,0.000651257459896
13,239,0.000398083204387
16,199,0.000331458400305
39,189,0.000314802199285
28,171,0.000284821037448
17,132,0.000219861853469
29,106,0.000176555730816
18,62,0.000103268446326
33,58,9.66059659181e-05
24,47,7.82841447957e-05
52,46,7.66185246937e-05
32,37,6.16279437753e-05
1000,36,5.99623236733e-05
23,35,5.82967035713e-05
25,35,5.82967035713e-05
36,33,5.49654633672e-05
22,32,5.32998432651e-05
41,31,5.16342231631e-05
30,31,5.16342231631e-05
20,30,4.99686030611e-05
62,24,3.99748824489e-05
37,23,3.83092623468e-05
38,20,3.33124020407e-05
21,18,2.99811618366e-05
27,17,2.83155417346e-05
19,16,2.66499216326e-05
46,14,2.33186814285e-05
60,14,2.33186814285e-05
31,12,1.99874412244e-05
63,9,1.49905809183e-05
65,9,1.49905809183e-05
43,8,1.33249608163e-05
42,7,1.16593407143e-05
64,6,9.99372061222e-06
75,6,9.99372061222e-06
35,5,8.32810051018e-06
40,5,8.32810051018e-06
45,4,6.66248040814e-06
49,4,6.66248040814e-06
77,4,6.66248040814e-06
34,3,4.99686030611e-06
51,3,4.99686030611e-06
100,3,4.99686030611e-06
50,3,4.99686030611e-06
117,2,3.33124020407e-06
134,2,3.33124020407e-06
102,2,3.33124020407e-06
47,2,3.33124020407e-06
56,2,3.33124020407e-06
44,1,1.66562010204e-06
61,1,1.66562010204e-06
127,1,1.66562010204e-06
86,1,1.66562010204e-06
90,1,1.66562010204e-06
None,0,0.0
