CA,70074,0.0791360244295
TX,52012,0.0587382324775
NY,51085,0.0576913521132
FL,42496,0.0479916159225
ZZ,35755,0.0403788645357
PA,30053,0.0339394774407
IL,29159,0.0329298646622
OH,26719,0.0301743219558
NJ,26573,0.0300094411217
NC,23381,0.0264046491878
VA,22601,0.0255237789784
GA,21516,0.0242984659307
MA,18731,0.0211533075547
MI,18618,0.0210256943064
H9,16174,0.0182656343169
MD,15414,0.0174073505231
WA,13585,0.0153418228141
MO,13035,0.0147206963844
WI,12193,0.0137698082865
CO,12011,0.0135642719043
MN,11863,0.0133971324287
AZ,11835,0.0133655114468
TN,11501,0.0129883183058
IN,10937,0.0123513813852
07,9888,0.0111667238856
CT,8862,0.010008040764
02,8730,0.00985897042083
SC,8283,0.00935416403158
KY,7615,0.00859977774967
OR,7533,0.0085071734456
AL,7147,0.00807125562402
DE,7094,0.00801140162261
LA,6756,0.00762969119853
IA,6195,0.00699614224021
ON,6164,0.00696113329599
OK,5937,0.00670477747863
UT,5743,0.00648568924706
KS,5682,0.0064168006794
04,5655,0.0063863090183
NV,5438,0.00614124640876
NE,4066,0.0045918182968
AR,4022,0.00454212818243
DC,3833,0.00432868655476
05,3484,0.00393455360208
MS,3436,0.00388034620458
NH,3358,0.00379225918364
08,3190,0.00360253329238
WV,3163,0.00357204163128
ME,2873,0.0032445386047
NM,2873,0.0032445386047
01,2724,0.00307626980829
QC,2612,0.00294978588078
09,2544,0.00287299206765
00,2426,0.00273973221546
ID,2425,0.00273860289468
RI,2405,0.00271601647905
I2,2171,0.00245175541622
HI,2055,0.00232075420559
A7,2054,0.00231962488481
06,2012,0.00227219341199
AB,1861,0.00210166597402
27,1819,0.0020542345012
16,1751,0.00197744068807
A8,1662,0.00187693113854
BC,1656,0.00187015521385
V2,1589,0.0017944907215
ND,1584,0.00178884411759
H3,1581,0.00178545615525
26,1579,0.00178319751369
MT,1574,0.00177755090978
11,1562,0.00176399906041
N7,1561,0.00176286973962
15,1530,0.0017278607954
SD,1516,0.00171205030446
12,1514,0.0017097916629
L9,1505,0.00169962777587
17,1452,0.00163977377446
14,1438,0.00162396328352
H8,1413,0.00159573026399
B7,1376,0.00155394539508
F8,1366,0.00154265218727
H2,1344,0.00151780713008
F2,1344,0.00151780713008
03,1332,0.0015042552807
E4,1329,0.00150086731836
G5,1327,0.0014986086768
VT,1302,0.00147037565726
J8,1281,0.00144665992086
18,1248,0.00140939233507
21,1227,0.00138567659867
40,1116,0.00126032199194
20,1106,0.00124902878413
13,1092,0.00123321829319
10,1067,0.00120498527366
H4,1061,0.00119820934897
I9,1047,0.00118239885803
U8,1033,0.00116658836709
C3,1009,0.00113948466834
K2,989,0.00111689825271
WY,978,0.00110447572412
B4,956,0.00107963066693
AK,946,0.00106833745912
B9,897,0.00101300074083
19,881,0.000994931608333
E6,831,0.000938465569268
J1,827,0.000933948286143
M4,824,0.000930560323799
P6,818,0.000923784399111
I7,817,0.00092265507833
34,782,0.000883128850984
D9,780,0.000880870209421
28,748,0.000844731944419
R3,747,0.000843602623638
25,734,0.000828921453481
M3,733,0.0008277921327
N5,720,0.000813110962543
B6,717,0.000809723000199
D4,676,0.000763420848165
B8,674,0.000761162206602
N4,665,0.000750998319571
29,645,0.000728411903944
I6,627,0.000708084129881
30,617,0.000696790922068
H7,610,0.000688885676599
C5,610,0.000688885676599
X5,607,0.000685497714255
C8,606,0.000684368393473
Q3,596,0.00067307518566
K7,587,0.000662911298629
23,568,0.000641454203784
B2,557,0.000629031675189
Q4,557,0.000629031675189
V1,542,0.00061209186347
C7,519,0.0005861174855
NS,497,0.000561272428311
N1,493,0.000556755145185
T5,491,0.000554496503623
K4,482,0.000544332616591
P3,477,0.000538686012685
A9,460,0.000519487559402
Z1,457,0.000516099597058
P8,452,0.000510452993152
I3,449,0.000507065030808
MB,444,0.000501418426901
F9,438,0.000494642502213
C6,433,0.000488995898307
Q5,428,0.0004833492944
J9,423,0.000477702690494
A2,407,0.000459633557993
56,405,0.00045737491643
G1,399,0.000450598991742
N2,398,0.000449469670961
D8,395,0.000446081708617
G6,393,0.000443823067055
G8,392,0.000442693746273
22,390,0.000440435104711
D3,385,0.000434788500804
C9,384,0.000433659180023
K3,382,0.00043140053846
E2,381,0.000430271217679
M1,376,0.000424624613772
N6,374,0.00042236597221
G7,370,0.000417848689084
K6,369,0.000416719368303
K8,361,0.000407684802053
B5,357,0.000403167518927
NB,356,0.000402038198146
51,355,0.000400908877365
A1,352,0.000397520915021
E7,344,0.00038848634877
H5,339,0.000382839744864
P7,336,0.00037945178252
A4,336,0.00037945178252
B1,336,0.00037945178252
D7,334,0.000377193140957
I1,333,0.000376063820176
SK,333,0.000376063820176
F4,329,0.000371546537051
L3,316,0.000356865366894
D2,310,0.000350089442206
A3,305,0.000344442838299
J7,304,0.000343313517518
M9,303,0.000342184196737
B3,303,0.000342184196737
K9,301,0.000339925555174
O8,294,0.000332020309705
L7,285,0.000321856422673
D6,271,0.000306045931735
K1,270,0.000304916610954
U3,260,0.00029362340314
24,256,0.000289106120015
F6,254,0.000286847478453
E5,253,0.000285718157671
L1,251,0.000283459516109
P9,248,0.000280071553765
60,246,0.000277812912202
A5,245,0.000276683591421
I4,245,0.000276683591421
N3,244,0.000275554270639
P2,242,0.000273295629077
L2,229,0.00025861445892
X4,226,0.000255226496576
J5,221,0.000249579892669
N8,217,0.000245062609544
A6,216,0.000243933288763
O7,214,0.0002416746472
V8,214,0.0002416746472
Y9,214,0.0002416746472
78,212,0.000239416005638
AE,210,0.000237157364075
97,205,0.000231510760168
NL,203,0.000229252118606
Y6,203,0.000229252118606
C1,202,0.000228122797824
35,195,0.000220217552355
D5,192,0.000216829590011
32,190,0.000214570948449
48,189,0.000213441627667
J2,181,0.000204407061417
L6,181,0.000204407061417
N9,179,0.000202148419854
O2,179,0.000202148419854
W1,171,0.000193113853604
M5,168,0.00018972589126
Y4,166,0.000187467249697
Z4,164,0.000185208608135
31,161,0.000181820645791
E3,152,0.000171656758759
E9,150,0.000169398117196
M7,150,0.000169398117196
K5,149,0.000168268796415
U9,148,0.000167139475634
C2,148,0.000167139475634
W9,148,0.000167139475634
53,147,0.000166010154852
J3,145,0.00016375151329
J6,143,0.000161492871727
38,140,0.000158104909383
G2,140,0.000158104909383
F7,136,0.000153587626258
M2,135,0.000152458305477
Z7,131,0.000147941022352
59,131,0.000147941022352
W5,130,0.00014681170157
X7,128,0.000144553060008
68,127,0.000143423739226
Z5,124,0.000140035776882
U4,124,0.000140035776882
Y5,123,0.000138906456101
58,121,0.000136647814538
O3,119,0.000134389172976
52,115,0.000129871889851
W2,114,0.000128742569069
Y1,112,0.000126483927507
O1,111,0.000125354606725
77,110,0.000124225285944
55,109,0.000123095965163
P4,107,0.0001208373236
X3,106,0.000119708002819
Q1,105,0.000118578682037
83,104,0.000117449361256
D1,103,0.000116320040475
L5,102,0.000115190719694
44,101,0.000114061398912
73,101,0.000114061398912
98,101,0.000114061398912
81,100,0.000112932078131
ERROR,99,0.00011180275735
86,99,0.00011180275735
E1,93,0.000105026832662
Z3,91,0.000102768191099
66,87,9.82509079739e-05
Z8,84,9.486294563e-05
42,82,9.26043040674e-05
O6,82,9.26043040674e-05
W4,81,9.14749832861e-05
O4,80,9.03456625047e-05
54,79,8.92163417234e-05
36,76,8.58283793795e-05
Y7,76,8.58283793795e-05
F5,76,8.58283793795e-05
33,76,8.58283793795e-05
57,76,8.58283793795e-05
99,75,8.46990585982e-05
47,72,8.13110962543e-05
61,72,8.13110962543e-05
PE,72,8.13110962543e-05
Q2,72,8.13110962543e-05
37,72,8.13110962543e-05
V7,72,8.13110962543e-05
J4,72,8.13110962543e-05
V3,71,8.0181775473e-05
82,70,7.90524546917e-05
S6,69,7.79231339103e-05
Z6,69,7.79231339103e-05
39,64,7.22765300038e-05
W7,64,7.22765300038e-05
R8,64,7.22765300038e-05
T6,63,7.11472092225e-05
S5,63,7.11472092225e-05
V4,62,7.00178884412e-05
W6,62,7.00178884412e-05
72,61,6.88885676599e-05
S9,60,6.77592468786e-05
Y8,59,6.66299260972e-05
AP,58,6.55006053159e-05
71,56,6.32419637533e-05
41,53,5.98540014094e-05
84,53,5.98540014094e-05
80,52,5.87246806281e-05
Y3,52,5.87246806281e-05
85,48,5.42073975028e-05
X6,47,5.30780767215e-05
L8,47,5.30780767215e-05
T9,46,5.19487559402e-05
X9,46,5.19487559402e-05
G9,45,5.08194351589e-05
45,45,5.08194351589e-05
74,45,5.08194351589e-05
T2,45,5.08194351589e-05
T1,44,4.96901143776e-05
65,43,4.85607935963e-05
V6,41,4.63021520337e-05
Q7,41,4.63021520337e-05
75,40,4.51728312524e-05
Z2,38,4.29141896898e-05
50,38,4.29141896898e-05
87,37,4.17848689084e-05
X1,36,4.06555481271e-05
R6,34,3.83969065645e-05
Y2,34,3.83969065645e-05
T7,34,3.83969065645e-05
U2,33,3.72675857832e-05
X8,33,3.72675857832e-05
T8,32,3.61382650019e-05
Q9,31,3.50089442206e-05
91,30,3.38796234393e-05
46,29,3.2750302658e-05
S1,29,3.2750302658e-05
67,28,3.16209818767e-05
Q8,28,3.16209818767e-05
X2,28,3.16209818767e-05
62,27,3.04916610954e-05
U1,25,2.82330195327e-05
R4,23,2.59743779701e-05
V5,22,2.48450571888e-05
90,21,2.37157364075e-05
Q6,21,2.37157364075e-05
F1,21,2.37157364075e-05
U6,20,2.25864156262e-05
P1,20,2.25864156262e-05
70,20,2.25864156262e-05
O9,19,2.14570948449e-05
76,18,2.03277740636e-05
63,17,1.91984532823e-05
R9,17,1.91984532823e-05
88,17,1.91984532823e-05
M6,16,1.80691325009e-05
79,16,1.80691325009e-05
L4,16,1.80691325009e-05
49,14,1.58104909383e-05
R7,14,1.58104909383e-05
43,14,1.58104909383e-05
R2,14,1.58104909383e-05
P5,12,1.35518493757e-05
S7,10,1.12932078131e-05
E8,8,9.03456625047e-06
NT,8,9.03456625047e-06
T3,7,7.90524546917e-06
YT,7,7.90524546917e-06
I8,5,5.64660390655e-06
G3,5,5.64660390655e-06
H1,5,5.64660390655e-06
H6,5,5.64660390655e-06
64,5,5.64660390655e-06
F3,5,5.64660390655e-06
89,4,4.51728312524e-06
S2,4,4.51728312524e-06
M8,4,4.51728312524e-06
NU,4,4.51728312524e-06
W8,4,4.51728312524e-06
93,4,4.51728312524e-06
W3,3,3.38796234393e-06
69,3,3.38796234393e-06
T4,2,2.25864156262e-06
S4,2,2.25864156262e-06
R5,2,2.25864156262e-06
S3,2,2.25864156262e-06
AA,1,1.12932078131e-06
U5,1,1.12932078131e-06
O5,1,1.12932078131e-06
V9,1,1.12932078131e-06
C4,1,1.12932078131e-06
92,1,1.12932078131e-06
