25000,239009,0.276940421814
35000,132175,0.153151556022
100000,122619,0.142078991094
15000,92006,0.106607619167
45000,58244,0.0674874918022
55000,48116,0.0557521488145
65000,35253,0.0408477533909
75000,34309,0.0397539378518
85000,30310,0.0351202849482
300000,22957,0.0266003425126
9500,7888,0.00913984848801
8500,7251,0.00840175473967
5500,6788,0.00786527529622
7500,5703,0.00660808264796
500000,4949,0.00573442066014
6500,4873,0.00564635923961
900000,2851,0.00330346197253
700000,2607,0.00302073846453
4500,2318,0.00268587332596
5000000,1305,0.00151210728662
3500,802,0.000929279727102
875,380,0.000440307102617
2500,269,0.000311691080537
1875,36,4.17133044585e-05
1125,7,8.11092031137e-06
1375,5,5.79351450812e-06
625,3,3.47610870487e-06
1625,1,1.15870290162e-06
None,0,0.0
